-7.027555e-03 9.999753e-01 2.599616e-05 -7.137748e-03 2.254837e-03 4.184312e-05 -9.999975e-01 -7.482656e-02 -9.999728e-01 -7.027479e-03 -2.255075e-03 -3.336324e-01
-7.969823e-03 9.999682e-01 -3.774879e-04 -7.710590e-04 2.826046e-03 -3.549746e-04 -9.999960e-01 -8.995723e-02 -9.999643e-01 -7.970858e-03 -2.823127e-03 7.889390e-02
-8.162093e-03 9.999632e-01 -2.627725e-03 -5.246765e-03 4.348687e-03 -2.592292e-03 -9.999872e-01 -9.899792e-02 -9.999573e-01 -8.173416e-03 -4.327368e-03 6.880636e-01
-1.025150e-02 9.999362e-01 -4.745328e-03 -3.049050e-03 6.129691e-03 -4.682648e-03 -9.999703e-01 -1.084246e-01 -9.999287e-01 -1.028028e-02 -6.081296e-03 1.258905e+00
-1.251932e-02 9.999016e-01 -6.331609e-03 -2.598632e-03 7.489378e-03 -6.238160e-03 -9.999525e-01 -1.203232e-01 -9.998936e-01 -1.256614e-02 -7.410543e-03 1.809632e+00
-1.347755e-02 9.998798e-01 -7.665611e-03 -3.664365e-03 8.299111e-03 -7.554185e-03 -9.999371e-01 -1.320237e-01 -9.998748e-01 -1.354032e-02 -8.196301e-03 2.376962e+00
-1.373148e-02 9.998607e-01 -9.490059e-03 -7.097526e-03 7.851084e-03 -9.382850e-03 -9.999252e-01 -1.423457e-01 -9.998749e-01 -1.380496e-02 -7.721149e-03 2.924634e+00
-1.413470e-02 9.998440e-01 -1.058956e-02 -8.927624e-03 8.019573e-03 -1.047692e-02 -9.999130e-01 -1.554092e-01 -9.998680e-01 -1.421840e-02 -7.870234e-03 3.514181e+00
-1.412413e-02 9.998329e-01 -1.160094e-02 -4.655185e-03 1.024769e-02 -1.145675e-02 -9.998819e-01 -1.722955e-01 -9.998478e-01 -1.424134e-02 -1.008416e-02 4.150520e+00
-1.287145e-02 9.998313e-01 -1.310381e-02 -2.336255e-02 1.347150e-02 -1.293031e-02 -9.998257e-01 -1.869382e-01 -9.998264e-01 -1.304573e-02 -1.330280e-02 4.744597e+00
-1.140251e-02 9.998276e-01 -1.465643e-02 -3.440093e-02 1.678434e-02 -1.446394e-02 -9.997546e-01 -1.973979e-01 -9.997941e-01 -1.164571e-02 -1.661652e-02 5.347698e+00
-8.715736e-03 9.998393e-01 -1.566526e-02 -4.330367e-02 1.695415e-02 -1.551585e-02 -9.997359e-01 -2.121717e-01 -9.998183e-01 -8.979026e-03 -1.681619e-02 5.965482e+00
-5.729966e-03 9.998492e-01 -1.639168e-02 -6.365724e-02 1.121715e-02 -1.632665e-02 -9.998038e-01 -2.222812e-01 -9.999207e-01 -5.912710e-03 -1.112190e-02 6.599354e+00
-4.210956e-03 9.998454e-01 -1.707286e-02 -8.514885e-02 2.086308e-03 -1.706419e-02 -9.998523e-01 -2.273608e-01 -9.999890e-01 -4.245954e-03 -2.014129e-03 7.263288e+00
-4.412933e-03 9.998311e-01 -1.784188e-02 -9.351733e-02 -4.926949e-03 -1.786358e-02 -9.998283e-01 -2.397204e-01 -9.999782e-01 -4.324270e-03 5.004948e-03 7.946150e+00
-4.395284e-03 9.998143e-01 -1.876095e-02 -9.739644e-02 -5.302698e-03 -1.878417e-02 -9.998095e-01 -2.528865e-01 -9.999763e-01 -4.294963e-03 5.384276e-03 8.626504e+00
-2.764211e-03 9.997992e-01 -1.984458e-02 -1.095387e-01 7.025997e-04 -1.984271e-02 -9.998029e-01 -2.586825e-01 -9.999960e-01 -2.777609e-03 -6.476089e-04 9.311332e+00
-2.103966e-03 9.997779e-01 -2.096762e-02 -1.177029e-01 6.707442e-03 -2.095309e-02 -9.997580e-01 -2.577557e-01 -9.999753e-01 -2.244096e-03 -6.661868e-03 1.003451e+01
-2.090402e-03 9.997576e-01 -2.191724e-02 -1.365927e-01 6.045778e-03 -2.190425e-02 -9.997418e-01 -2.624469e-01 -9.999796e-01 -2.222369e-03 -5.998523e-03 1.077592e+01
-2.321102e-03 9.997513e-01 -2.218129e-02 -1.519752e-01 -1.698275e-03 -2.218526e-02 -9.997525e-01 -2.674082e-01 -9.999959e-01 -2.282858e-03 1.749347e-03 1.152561e+01
-4.024034e-03 9.997423e-01 -2.234333e-02 -1.448038e-01 -9.474458e-03 -2.238063e-02 -9.997047e-01 -2.705523e-01 -9.999471e-01 -3.811155e-03 9.562077e-03 1.228403e+01
-5.895915e-03 9.997194e-01 -2.294157e-02 -1.590883e-01 -1.216109e-02 -2.301195e-02 -9.996613e-01 -2.702157e-01 -9.999087e-01 -5.614924e-03 1.229336e-02 1.306248e+01
-8.836298e-03 9.996848e-01 -2.349819e-02 -1.724871e-01 -1.201843e-02 -2.360359e-02 -9.996492e-01 -2.670096e-01 -9.998888e-01 -8.550787e-03 1.222321e-02 1.386249e+01
-9.398337e-03 9.996753e-01 -2.368358e-02 -1.990084e-01 -1.021778e-02 -2.377940e-02 -9.996651e-01 -2.661265e-01 -9.999037e-01 -9.153195e-03 1.043795e-02 1.469893e+01
-8.160912e-03 9.996965e-01 -2.324232e-02 -2.111474e-01 -7.353866e-03 -2.330247e-02 -9.997015e-01 -2.559116e-01 -9.999397e-01 -7.987555e-03 7.541804e-03 1.553355e+01
-1.026095e-02 9.996926e-01 -2.257198e-02 -2.188354e-01 -2.141844e-03 -2.259509e-02 -9.997424e-01 -2.519639e-01 -9.999451e-01 -1.020997e-02 2.373033e-03 1.637736e+01
-1.275751e-02 9.996846e-01 -2.163189e-02 -2.217062e-01 3.654365e-03 -2.158690e-02 -9.997603e-01 -2.600985e-01 -9.999120e-01 -1.283350e-02 -3.377817e-03 1.722469e+01
-1.139806e-02 9.997308e-01 -2.020729e-02 -2.446817e-01 8.763234e-03 -2.010796e-02 -9.997595e-01 -2.773710e-01 -9.998967e-01 -1.157240e-02 -8.531683e-03 1.809006e+01
-8.183307e-03 9.997670e-01 -1.997570e-02 -2.653721e-01 1.034097e-02 -1.989070e-02 -9.997487e-01 -2.872470e-01 -9.999131e-01 -8.387819e-03 -1.017579e-02 1.899117e+01
-7.970161e-03 9.997627e-01 -2.027235e-02 -2.896933e-01 9.699045e-03 -2.019475e-02 -9.997491e-01 -3.016888e-01 -9.999212e-01 -8.164784e-03 -9.535788e-03 1.991344e+01
-7.860700e-03 9.997578e-01 -2.055617e-02 -3.179518e-01 9.917125e-03 -2.047785e-02 -9.997412e-01 -3.140347e-01 -9.999200e-01 -8.062524e-03 -9.753753e-03 2.083661e+01
-5.607343e-03 9.997770e-01 -2.035766e-02 -3.419694e-01 1.185083e-02 -2.029012e-02 -9.997239e-01 -3.311017e-01 -9.999141e-01 -5.847050e-03 -1.173442e-02 2.177408e+01
-1.563379e-03 9.997989e-01 -1.999181e-02 -3.649327e-01 1.323727e-02 -1.996939e-02 -9.997130e-01 -3.531421e-01 -9.999112e-01 -1.827568e-03 -1.320339e-02 2.270491e+01
8.872240e-04 9.997935e-01 -2.030221e-02 -3.803815e-01 1.301561e-02 -2.031204e-02 -9.997090e-01 -3.743254e-01 -9.999149e-01 6.227201e-04 -1.303094e-02 2.365466e+01
1.589937e-03 9.997877e-01 -2.054179e-02 -4.053632e-01 1.277742e-02 -2.056045e-02 -9.997070e-01 -3.927387e-01 -9.999171e-01 1.327000e-03 -1.280739e-02 2.461383e+01
2.304757e-03 9.997800e-01 -2.084591e-02 -4.317599e-01 1.245889e-02 -2.087306e-02 -9.997045e-01 -4.179166e-01 -9.999198e-01 2.044359e-03 -1.250426e-02 2.559890e+01
3.209116e-03 9.997598e-01 -2.168225e-02 -4.701076e-01 1.144449e-02 -2.171766e-02 -9.996987e-01 -4.414498e-01 -9.999294e-01 2.960006e-03 -1.151143e-02 2.659049e+01
4.222801e-03 9.997612e-01 -2.144185e-02 -4.897865e-01 9.669275e-03 -2.148186e-02 -9.997225e-01 -4.646586e-01 -9.999444e-01 4.014302e-03 -9.757679e-03 2.758644e+01
4.159206e-03 9.997547e-01 -2.175512e-02 -5.079221e-01 8.206534e-03 -2.178870e-02 -9.997290e-01 -4.815267e-01 -9.999577e-01 3.979545e-03 -8.295144e-03 2.860322e+01
3.183418e-03 9.997496e-01 -2.215152e-02 -5.199871e-01 8.582334e-03 -2.217813e-02 -9.997172e-01 -5.023897e-01 -9.999581e-01 2.992406e-03 -8.650786e-03 2.964091e+01
4.461104e-03 9.997357e-01 -2.255299e-02 -5.461370e-01 9.295801e-03 -2.259370e-02 -9.997016e-01 -5.237246e-01 -9.999469e-01 4.250124e-03 -9.394137e-03 3.068427e+01
5.710068e-03 9.997234e-01 -2.281640e-02 -5.752855e-01 8.845619e-03 -2.286638e-02 -9.996994e-01 -5.448384e-01 -9.999446e-01 5.506526e-03 -8.973740e-03 3.170800e+01
6.043239e-03 9.997150e-01 -2.309679e-02 -5.982311e-01 5.995857e-03 -2.313303e-02 -9.997145e-01 -5.662077e-01 -9.999638e-01 5.903028e-03 -6.133946e-03 3.275704e+01
6.182514e-03 9.997185e-01 -2.290798e-02 -6.119118e-01 2.648079e-03 -2.292471e-02 -9.997337e-01 -5.839696e-01 -9.999774e-01 6.120205e-03 -2.789066e-03 3.381150e+01
5.538976e-03 9.997040e-01 -2.369004e-02 -6.269617e-01 -7.031766e-05 -2.369001e-02 -9.997194e-01 -5.980537e-01 -9.999847e-01 5.539087e-03 -6.092118e-05 3.487017e+01
4.151880e-03 9.996946e-01 -2.436022e-02 -6.438820e-01 -8.766026e-04 -2.435678e-02 -9.997030e-01 -6.071636e-01 -9.999910e-01 4.172001e-03 7.752088e-04 3.592179e+01
3.198041e-03 9.996945e-01 -2.450997e-02 -6.590997e-01 1.172771e-04 -2.451047e-02 -9.996996e-01 -6.217630e-01 -9.999949e-01 3.194206e-03 -1.956264e-04 3.697728e+01
2.244349e-03 9.996934e-01 -2.466065e-02 -6.744669e-01 1.111303e-03 -2.466319e-02 -9.996952e-01 -6.374086e-01 -9.999969e-01 2.216259e-03 -1.166315e-03 3.803274e+01
3.910636e-03 9.996670e-01 -2.550819e-02 -6.928670e-01 -3.082374e-04 -2.550718e-02 -9.996746e-01 -6.493930e-01 -9.999923e-01 3.917226e-03 2.083859e-04 3.910029e+01
4.243460e-03 9.996475e-01 -2.620631e-02 -7.181852e-01 -2.800205e-03 -2.619456e-02 -9.996530e-01 -6.629071e-01 -9.999871e-01 4.315370e-03 2.688063e-03 4.019079e+01
4.352445e-03 9.996312e-01 -2.680472e-02 -7.355043e-01 -5.028446e-03 -2.678275e-02 -9.996287e-01 -6.746283e-01 -9.999779e-01 4.485614e-03 4.910021e-03 4.128986e+01
3.478705e-03 9.996158e-01 -2.749789e-02 -7.798159e-01 -5.791554e-03 -2.747746e-02 -9.996057e-01 -6.824319e-01 -9.999772e-01 3.636589e-03 5.693743e-03 4.240168e+01
3.317019e-03 9.995889e-01 -2.847685e-02 -8.200644e-01 -2.579590e-03 -2.846836e-02 -9.995914e-01 -6.957742e-01 -9.999912e-01 3.389122e-03 2.484100e-03 4.351147e+01
4.470093e-03 9.995648e-01 -2.915703e-02 -8.600198e-01 1.115133e-03 -2.916229e-02 -9.995741e-01 -7.128644e-01 -9.999894e-01 4.435675e-03 -1.245006e-03 4.462199e+01
8.730961e-03 9.995649e-01 -2.817435e-02 -8.867972e-01 1.792275e-03 -2.819102e-02 -9.996010e-01 -7.245820e-01 -9.999603e-01 8.676981e-03 -2.037629e-03 4.572086e+01
8.696153e-03 9.995702e-01 -2.799690e-02 -9.041824e-01 -2.001107e-04 -2.799622e-02 -9.996081e-01 -7.413810e-01 -9.999622e-01 8.698347e-03 -4.343432e-05 4.682889e+01
8.661699e-03 9.995754e-01 -2.781937e-02 -9.213517e-01 -2.192502e-03 -2.780136e-02 -9.996111e-01 -7.559720e-01 -9.999601e-01 8.719324e-03 1.950765e-03 4.793695e+01
6.739833e-03 9.995860e-01 -2.797120e-02 -9.498667e-01 -3.675642e-03 -2.794689e-02 -9.996027e-01 -7.635523e-01 -9.999706e-01 6.839967e-03 3.485763e-03 4.904137e+01
8.368014e-03 9.995774e-01 -2.783835e-02 -9.714796e-01 -3.218087e-03 -2.781226e-02 -9.996080e-01 -7.803467e-01 -9.999598e-01 8.454320e-03 2.983994e-03 5.013997e+01
6.469269e-03 9.995958e-01 -2.768350e-02 -9.928201e-01 -2.065711e-03 -2.767066e-02 -9.996150e-01 -7.888654e-01 -9.999770e-01 6.523964e-03 1.885868e-03 5.123991e+01
4.836445e-03 9.996095e-01 -2.752239e-02 -1.019333e+00 -1.906463e-04 -2.752179e-02 -9.996212e-01 -7.982390e-01 -9.999883e-01 4.839860e-03 5.746462e-05 5.233457e+01
4.488754e-03 9.996076e-01 -2.764970e-02 -1.062344e+00 2.398137e-03 -2.766066e-02 -9.996145e-01 -8.102344e-01 -9.999871e-01 4.420716e-03 -2.521357e-03 5.341187e+01
4.141393e-03 9.996055e-01 -2.777790e-02 -1.105501e+00 4.986952e-03 -2.779844e-02 -9.996012e-01 -8.250277e-01 -9.999790e-01 4.001214e-03 -5.100109e-03 5.448913e+01
2.460119e-03 9.996155e-01 -2.761759e-02 -1.141893e+00 6.372142e-03 -2.763279e-02 -9.995979e-01 -8.470242e-01 -9.999767e-01 2.283146e-03 -6.437672e-03 5.556385e+01
2.414139e-03 9.996327e-01 -2.699381e-02 -1.169692e+00 4.549259e-03 -2.700459e-02 -9.996250e-01 -8.701891e-01 -9.999868e-01 2.290431e-03 -4.612781e-03 5.665428e+01
2.272111e-03 9.996567e-01 -2.610002e-02 -1.207826e+00 -8.023484e-04 -2.609826e-02 -9.996591e-01 -8.875262e-01 -9.999971e-01 2.292278e-03 7.427752e-04 5.775844e+01
2.134871e-03 9.996800e-01 -2.520546e-02 -1.244959e+00 -6.154060e-03 -2.519191e-02 -9.996637e-01 -8.989535e-01 -9.999788e-01 2.289268e-03 6.098309e-03 5.886272e+01
-3.380841e-03 9.996737e-01 -2.531852e-02 -1.252902e+00 -7.839700e-03 -2.534438e-02 -9.996481e-01 -8.996465e-01 -9.999636e-01 -3.181162e-03 7.922828e-03 5.995431e+01
-7.810422e-03 9.996382e-01 -2.573858e-02 -1.250670e+00 -5.719699e-03 -2.578361e-02 -9.996512e-01 -9.114796e-01 -9.999532e-01 -7.660482e-03 5.919011e-03 6.103688e+01
-1.053651e-02 9.996021e-01 -2.616446e-02 -1.254867e+00 -2.327017e-03 -2.619035e-02 -9.996543e-01 -9.205560e-01 -9.999418e-01 -1.047198e-02 2.602046e-03 6.211857e+01
-1.326106e-02 9.995582e-01 -2.659937e-02 -1.259468e+00 1.066788e-03 -2.658756e-02 -9.996460e-01 -9.332579e-01 -9.999115e-01 -1.328474e-02 -7.137374e-04 6.320022e+01
-1.598401e-02 9.995065e-01 -2.704331e-02 -1.264463e+00 4.461650e-03 -2.697520e-02 -9.996262e-01 -9.495863e-01 -9.998623e-01 -1.609869e-02 -4.028276e-03 6.428181e+01
-9.059595e-03 9.996035e-01 -2.666110e-02 -1.308814e+00 5.467330e-03 -2.661228e-02 -9.996309e-01 -9.641360e-01 -9.999441e-01 -9.202017e-03 -5.224065e-03 6.535501e+01
-2.179797e-03 9.996603e-01 -2.597154e-02 -1.360079e+00 2.319479e-03 -2.596647e-02 -9.996602e-01 -9.793296e-01 -9.999950e-01 -2.239297e-03 -2.262089e-03 6.645418e+01
-1.513163e-04 9.996781e-01 -2.537042e-02 -1.403140e+00 1.198085e-04 -2.537040e-02 -9.996782e-01 -9.926426e-01 -1.000000e+00 -1.543074e-04 -1.159306e-04 6.756056e+01
-3.245751e-04 9.996853e-01 -2.508223e-02 -1.435343e+00 -7.923633e-04 -2.508249e-02 -9.996851e-01 -1.004335e+00 -9.999997e-01 -3.045988e-04 8.002555e-04 6.867066e+01
-4.975708e-04 9.996925e-01 -2.479389e-02 -1.467226e+00 -1.704584e-03 -2.479471e-02 -9.996912e-01 -1.015017e+00 -9.999985e-01 -4.551541e-04 1.716398e-03 6.978079e+01
-1.842540e-03 9.996930e-01 -2.470825e-02 -1.499906e+00 -3.184417e-03 -2.471404e-02 -9.996895e-01 -1.031888e+00 -9.999933e-01 -1.763286e-03 3.228977e-03 7.088909e+01
-3.520621e-03 9.996679e-01 -2.552958e-02 -1.528293e+00 -5.258723e-03 -2.554789e-02 -9.996598e-01 -1.045959e+00 -9.999800e-01 -3.385171e-03 5.346921e-03 7.200342e+01
-5.200178e-03 9.996503e-01 -2.592752e-02 -1.552437e+00 -7.058783e-03 -2.596392e-02 -9.996380e-01 -1.054688e+00 -9.999616e-01 -5.015279e-03 7.191332e-03 7.310702e+01
-6.777184e-03 9.996166e-01 -2.684572e-02 -1.570239e+00 -6.316615e-03 -2.688859e-02 -9.996185e-01 -1.064532e+00 -9.999571e-01 -6.605025e-03 6.496422e-03 7.418783e+01
-6.251333e-03 9.996201e-01 -2.684287e-02 -1.599855e+00 -2.841507e-03 -2.686105e-02 -9.996352e-01 -1.081463e+00 -9.999765e-01 -6.172778e-03 3.008345e-03 7.524785e+01
-5.739364e-03 9.995963e-01 -2.782578e-02 -1.639673e+00 -9.580291e-04 -2.783172e-02 -9.996122e-01 -1.095299e+00 -9.999831e-01 -5.710481e-03 1.117379e-03 7.631309e+01
-4.298926e-03 9.995846e-01 -2.849751e-02 -1.682419e+00 -2.882590e-03 -2.851005e-02 -9.995894e-01 -1.109481e+00 -9.999866e-01 -4.215015e-03 3.003956e-03 7.738101e+01
-3.002743e-03 9.995848e-01 -2.865812e-02 -1.706812e+00 -6.682360e-03 -2.867767e-02 -9.995664e-01 -1.119104e+00 -9.999732e-01 -2.809937e-03 6.765697e-03 7.846859e+01
-1.746808e-03 9.995708e-01 -2.924440e-02 -1.734977e+00 -1.058238e-02 -2.926128e-02 -9.995158e-01 -1.124727e+00 -9.999425e-01 -1.436487e-03 1.062895e-02 7.954634e+01
-2.106398e-03 9.995342e-01 -3.044602e-02 -1.764495e+00 -1.213148e-02 -3.046939e-02 -9.994621e-01 -1.130614e+00 -9.999242e-01 -1.735910e-03 1.219001e-02 8.063457e+01
-2.175819e-03 9.995144e-01 -3.108523e-02 -1.787678e+00 -1.033334e-02 -3.110612e-02 -9.994627e-01 -1.133518e+00 -9.999443e-01 -1.853436e-03 1.039601e-02 8.170176e+01
-1.911836e-03 9.994869e-01 -3.197264e-02 -1.832773e+00 -9.401048e-03 -3.198925e-02 -9.994440e-01 -1.139963e+00 -9.999540e-01 -1.610197e-03 9.457383e-03 8.275281e+01
-2.900975e-03 9.994757e-01 -3.224595e-02 -1.863298e+00 -9.733650e-03 -3.227279e-02 -9.994317e-01 -1.144407e+00 -9.999485e-01 -2.585456e-03 9.822170e-03 8.381522e+01
-3.949295e-03 9.994582e-01 -3.267545e-02 -1.898224e+00 -1.014311e-02 -3.271406e-02 -9.994133e-01 -1.154926e+00 -9.999408e-01 -3.615547e-03 1.026681e-02 8.485059e+01
-4.590896e-03 9.994410e-01 -3.311564e-02 -1.930998e+00 -1.172097e-02 -3.316750e-02 -9.993811e-01 -1.165614e+00 -9.999208e-01 -4.199908e-03 1.186668e-02 8.588527e+01
-5.084771e-03 9.994031e-01 -3.416891e-02 -1.963384e+00 -1.394707e-02 -3.423691e-02 -9.993165e-01 -1.171168e+00 -9.998898e-01 -4.604740e-03 1.411283e-02 8.692586e+01
-6.287028e-03 9.993520e-01 -3.544175e-02 -1.996279e+00 -1.533342e-02 -3.553463e-02 -9.992509e-01 -1.176300e+00 -9.998627e-01 -5.738875e-03 1.554689e-02 8.794021e+01
-8.196861e-03 9.992694e-01 -3.733022e-02 -2.015885e+00 -1.566935e-02 -3.745525e-02 -9.991755e-01 -1.180413e+00 -9.998437e-01 -7.605163e-03 1.596492e-02 8.890141e+01
-8.478166e-03 9.991566e-01 -4.017823e-02 -2.036041e+00 -1.531625e-02 -4.030472e-02 -9.990701e-01 -1.189403e+00 -9.998468e-01 -7.854902e-03 1.564504e-02 8.983440e+01
-8.906293e-03 9.990397e-01 -4.289855e-02 -2.072193e+00 -1.483307e-02 -4.302752e-02 -9.989638e-01 -1.193892e+00 -9.998504e-01 -8.260748e-03 1.520204e-02 9.073861e+01
-9.156258e-03 9.988967e-01 -4.605997e-02 -2.116536e+00 -1.489771e-02 -4.619306e-02 -9.988215e-01 -1.200285e+00 -9.998471e-01 -8.459279e-03 1.530423e-02 9.164098e+01
-8.549783e-03 9.987426e-01 -4.939688e-02 -2.160696e+00 -1.582179e-02 -4.952762e-02 -9.986475e-01 -1.205072e+00 -9.998383e-01 -7.756672e-03 1.622535e-02 9.251493e+01
-7.419149e-03 9.986114e-01 -5.215579e-02 -2.197751e+00 -1.721954e-02 -5.227707e-02 -9.984842e-01 -1.211486e+00 -9.998242e-01 -6.509804e-03 1.758348e-02 9.337279e+01
-6.496302e-03 9.985013e-01 -5.434054e-02 -2.223205e+00 -1.864618e-02 -5.445319e-02 -9.983423e-01 -1.214720e+00 -9.998051e-01 -5.472290e-03 1.897198e-02 9.418959e+01
-5.331183e-03 9.983951e-01 -5.638102e-02 -2.262289e+00 -1.990649e-02 -5.647661e-02 -9.982055e-01 -1.216469e+00 -9.997877e-01 -4.199268e-03 2.017562e-02 9.496273e+01
-3.677387e-03 9.982706e-01 -5.867065e-02 -2.307416e+00 -2.038560e-02 -5.873369e-02 -9.980656e-01 -1.218191e+00 -9.997855e-01 -2.474238e-03 2.056633e-02 9.572056e+01
-2.402608e-03 9.981286e-01 -6.110220e-02 -2.340992e+00 -1.974919e-02 -6.113782e-02 -9.979340e-01 -1.220619e+00 -9.998021e-01 -1.190926e-03 1.985912e-02 9.646326e+01
-1.103499e-03 9.979708e-01 -6.366311e-02 -2.383693e+00 -1.662770e-02 -6.367266e-02 -9.978323e-01 -1.224102e+00 -9.998612e-01 -4.253598e-05 1.666422e-02 9.716095e+01
6.807028e-04 9.977495e-01 -6.704862e-02 -2.450880e+00 -1.297691e-02 -6.703418e-02 -9.976663e-01 -1.228995e+00 -9.999156e-01 1.549198e-03 1.290207e-02 9.783017e+01
2.971014e-03 9.975973e-01 -6.921566e-02 -2.511212e+00 -1.030726e-02 -6.918174e-02 -9.975509e-01 -1.231632e+00 -9.999425e-01 3.677161e-03 1.007695e-02 9.848155e+01
5.279410e-03 9.975153e-01 -7.025234e-02 -2.555451e+00 -9.332932e-03 -7.020111e-02 -9.974892e-01 -1.239665e+00 -9.999425e-01 5.921814e-03 8.939122e-03 9.912243e+01
7.587455e-03 9.975838e-01 -6.905761e-02 -2.593605e+00 -9.644806e-03 -6.898338e-02 -9.975712e-01 -1.246698e+00 -9.999247e-01 8.235074e-03 9.098094e-03 9.971854e+01
1.069604e-02 9.977796e-01 -6.573727e-02 -2.633349e+00 -1.119296e-02 -6.561745e-02 -9.977821e-01 -1.253540e+00 -9.998802e-01 1.140811e-02 1.046626e-02 1.002774e+02
1.354916e-02 9.980779e-01 -6.047254e-02 -2.678290e+00 -1.295734e-02 -6.029776e-02 -9.980964e-01 -1.259184e+00 -9.998243e-01 1.430693e-02 1.211545e-02 1.008252e+02
1.410005e-02 9.984908e-01 -5.307881e-02 -2.722296e+00 -1.503768e-02 -5.286633e-02 -9.984884e-01 -1.260375e+00 -9.997875e-01 1.487692e-02 1.426956e-02 1.013464e+02
1.453256e-02 9.989600e-01 -4.321689e-02 -2.749781e+00 -1.768490e-02 -4.295790e-02 -9.989204e-01 -1.263391e+00 -9.997380e-01 1.528115e-02 1.704222e-02 1.018517e+02
1.410249e-02 9.993690e-01 -3.259933e-02 -2.770443e+00 -1.893030e-02 -3.232988e-02 -9.992980e-01 -1.264012e+00 -9.997214e-01 1.470970e-02 1.846242e-02 1.023236e+02
1.322798e-02 9.997391e-01 -1.862059e-02 -2.768562e+00 -1.920637e-02 -1.836475e-02 -9.996469e-01 -1.266946e+00 -9.997281e-01 1.358094e-02 1.895843e-02 1.027627e+02
1.280309e-02 9.999126e-01 -3.302772e-03 -2.766690e+00 -1.874922e-02 -3.062396e-03 -9.998196e-01 -1.269187e+00 -9.997423e-01 1.286270e-02 1.870837e-02 1.031851e+02
1.190547e-02 9.998313e-01 1.398679e-02 -2.755747e+00 -1.628663e-02 1.417982e-02 -9.997669e-01 -1.273826e+00 -9.997965e-01 1.167490e-02 1.645270e-02 1.035875e+02
1.122084e-02 9.993604e-01 3.395481e-02 -2.738086e+00 -1.221818e-02 3.409144e-02 -9.993441e-01 -1.274640e+00 -9.998624e-01 1.079861e-02 1.259290e-02 1.039886e+02
9.759309e-03 9.983100e-01 5.728812e-02 -2.705009e+00 -7.983977e-03 5.736682e-02 -9.983213e-01 -1.274599e+00 -9.999205e-01 9.285539e-03 8.530345e-03 1.043822e+02
8.400535e-03 9.964124e-01 8.421221e-02 -2.648358e+00 -5.466059e-03 8.425968e-02 -9.964289e-01 -1.280054e+00 -9.999498e-01 7.910226e-03 6.154276e-03 1.047583e+02
6.623812e-03 9.935520e-01 1.131838e-01 -2.575497e+00 -4.735967e-03 1.132162e-01 -9.935591e-01 -1.282411e+00 -9.999669e-01 6.045113e-03 5.455353e-03 1.051395e+02
4.379235e-03 9.895783e-01 1.439290e-01 -2.514374e+00 -3.228206e-03 1.439437e-01 -9.895807e-01 -1.285900e+00 -9.999852e-01 3.868973e-03 3.824926e-03 1.055265e+02
2.427608e-03 9.839786e-01 1.782703e-01 -2.435452e+00 -1.963723e-03 1.782751e-01 -9.839788e-01 -1.289753e+00 -9.999952e-01 2.038641e-03 2.365044e-03 1.059035e+02
-3.481650e-04 9.767092e-01 2.145670e-01 -2.333275e+00 -1.808976e-03 2.145661e-01 -9.767078e-01 -1.294530e+00 -9.999983e-01 -7.282025e-04 1.692140e-03 1.062579e+02
-2.512822e-03 9.673473e-01 2.534419e-01 -2.213932e+00 -1.586573e-03 2.534385e-01 -9.673502e-01 -1.305883e+00 -9.999956e-01 -2.832884e-03 8.979219e-04 1.066090e+02
-2.085794e-03 9.556672e-01 2.944415e-01 -2.089844e+00 -1.231889e-03 2.944395e-01 -9.556694e-01 -1.317230e+00 -9.999971e-01 -2.356049e-03 5.631364e-04 1.069281e+02
2.345607e-04 9.413880e-01 3.373256e-01 -1.944681e+00 -1.014154e-03 3.373257e-01 -9.413875e-01 -1.319307e+00 -9.999995e-01 -1.212878e-04 1.033836e-03 1.072416e+02
1.307253e-03 9.248143e-01 3.804165e-01 -1.786936e+00 -2.119135e-03 3.804186e-01 -9.248120e-01 -1.324597e+00 -9.999969e-01 4.028088e-04 2.457110e-03 1.075661e+02
1.369940e-03 9.052847e-01 4.248031e-01 -1.612171e+00 -3.279591e-03 4.248053e-01 -9.052788e-01 -1.321984e+00 -9.999937e-01 -1.530029e-04 3.550922e-03 1.078876e+02
-3.212922e-05 8.835469e-01 4.683428e-01 -1.432772e+00 -3.227742e-03 4.683402e-01 -8.835423e-01 -1.327660e+00 -9.999948e-01 -1.540077e-03 2.836814e-03 1.081832e+02
-7.126355e-04 8.593808e-01 5.113356e-01 -1.244200e+00 -1.534007e-03 5.113342e-01 -8.593806e-01 -1.334846e+00 -9.999986e-01 -1.396818e-03 9.539015e-04 1.084774e+02
-7.610978e-04 8.327893e-01 5.535895e-01 -1.042833e+00 1.252595e-03 5.535900e-01 -8.327884e-01 -1.342890e+00 -9.999990e-01 5.958967e-05 -1.464484e-03 1.087535e+02
1.430039e-03 8.033742e-01 5.954728e-01 -8.274745e-01 5.399562e-03 5.954586e-01 -8.033679e-01 -1.348691e+00 -9.999844e-01 4.364139e-03 -3.486340e-03 1.090273e+02
5.304487e-03 7.705936e-01 6.373047e-01 -5.985063e-01 8.775810e-03 6.372533e-01 -7.706045e-01 -1.353167e+00 -9.999475e-01 9.680526e-03 -3.382281e-03 1.092722e+02
8.995545e-03 7.348397e-01 6.781812e-01 -3.534805e-01 1.183514e-02 6.780829e-01 -7.348902e-01 -1.346250e+00 -9.998895e-01 1.463711e-02 -2.597206e-03 1.094947e+02
8.772992e-03 6.963560e-01 7.176429e-01 -8.267029e-02 1.291964e-02 7.175317e-01 -6.964061e-01 -1.344254e+00 -9.998781e-01 1.538125e-02 -2.701771e-03 1.097128e+02
7.044044e-03 6.559133e-01 7.548033e-01 2.119580e-01 1.186605e-02 7.547141e-01 -6.559465e-01 -1.358462e+00 -9.999048e-01 1.357705e-02 -2.466857e-03 1.099213e+02
6.746520e-03 6.132845e-01 7.898333e-01 5.187002e-01 9.645394e-03 7.897746e-01 -6.133214e-01 -1.366454e+00 -9.999308e-01 1.175604e-02 -5.871407e-04 1.101198e+02
7.322000e-03 5.682767e-01 8.228050e-01 8.289752e-01 7.401451e-03 8.227737e-01 -5.683210e-01 -1.375648e+00 -9.999458e-01 1.025120e-02 1.818277e-03 1.103068e+02
7.597943e-03 5.213730e-01 8.532950e-01 1.163563e+00 5.183618e-03 8.532877e-01 -5.214147e-01 -1.376548e+00 -9.999577e-01 8.384834e-03 3.780633e-03 1.104812e+02
6.329641e-03 4.725107e-01 8.813022e-01 1.513280e+00 1.367407e-03 8.813150e-01 -4.725274e-01 -1.396380e+00 -9.999791e-01 4.196027e-03 4.932293e-03 1.106269e+02
8.231621e-03 4.221899e-01 9.064700e-01 1.876356e+00 3.483958e-04 9.064995e-01 -4.222068e-01 -1.404971e+00 -9.999661e-01 3.791256e-03 7.314871e-03 1.107629e+02
1.071256e-02 3.710393e-01 9.285554e-01 2.246726e+00 3.740708e-03 9.285873e-01 -3.710952e-01 -1.412912e+00 -9.999357e-01 7.448834e-03 8.559601e-03 1.108924e+02
1.317025e-02 3.210136e-01 9.469830e-01 2.642807e+00 8.779402e-03 9.469916e-01 -3.211386e-01 -1.407502e+00 -9.998748e-01 1.254342e-02 9.653811e-03 1.110247e+02
1.314832e-02 2.729558e-01 9.619367e-01 3.042498e+00 1.168148e-02 9.619123e-01 -2.731086e-01 -1.406603e+00 -9.998454e-01 1.482777e-02 9.458999e-03 1.111341e+02
7.377055e-03 2.305818e-01 9.730250e-01 3.456557e+00 1.343057e-02 9.729409e-01 -2.306637e-01 -1.405398e+00 -9.998826e-01 1.476990e-02 4.080593e-03 1.112464e+02
4.110446e-04 1.940012e-01 9.810012e-01 3.896622e+00 1.455325e-02 9.808963e-01 -1.939865e-01 -1.412785e+00 -9.998940e-01 1.435649e-02 -2.420156e-03 1.113354e+02
-2.663584e-03 1.620535e-01 9.867784e-01 4.329040e+00 1.558641e-02 9.866688e-01 -1.619934e-01 -1.426767e+00 -9.998750e-01 1.494885e-02 -5.153908e-03 1.114131e+02
1.068089e-03 1.340967e-01 9.909677e-01 4.782467e+00 1.349968e-02 9.908760e-01 -1.340989e-01 -1.446107e+00 -9.999083e-01 1.352097e-02 -7.519191e-04 1.114940e+02
7.441676e-03 1.083456e-01 9.940854e-01 5.286224e+00 9.800892e-03 9.940573e-01 -1.084159e-01 -1.455351e+00 -9.999243e-01 1.054972e-02 6.335568e-03 1.115547e+02
1.225210e-02 8.456799e-02 9.963424e-01 5.811947e+00 6.438671e-03 9.963899e-01 -8.465120e-02 -1.455983e+00 -9.999042e-01 7.452276e-03 1.166337e-02 1.116000e+02
8.509880e-03 6.154933e-02 9.980678e-01 6.330874e+00 4.651474e-03 9.980907e-01 -6.159040e-02 -1.458960e+00 -9.999530e-01 5.166612e-03 8.207337e-03 1.116193e+02
1.207003e-03 4.110874e-02 9.991539e-01 6.860145e+00 5.445185e-03 9.991396e-01 -4.111473e-02 -1.469035e+00 -9.999845e-01 5.490203e-03 9.821193e-04 1.116091e+02
-4.645542e-03 2.251535e-02 9.997357e-01 7.416929e+00 7.227502e-03 9.997212e-01 -2.248143e-02 -1.480731e+00 -9.999631e-01 7.121153e-03 -4.806976e-03 1.116229e+02
-6.395899e-03 8.059136e-03 9.999471e-01 7.980925e+00 1.144668e-02 9.999026e-01 -7.985562e-03 -1.487053e+00 -9.999141e-01 1.139500e-02 -6.487527e-03 1.116338e+02
-3.343156e-03 -3.790782e-03 9.999872e-01 8.574641e+00 1.563164e-02 9.998705e-01 3.842599e-03 -1.484132e+00 -9.998723e-01 1.564429e-02 -3.283467e-03 1.116522e+02
-2.630905e-03 -1.181658e-02 9.999267e-01 9.191188e+00 1.616701e-02 9.997990e-01 1.185761e-02 -1.483521e+00 -9.998659e-01 1.619702e-02 -2.439337e-03 1.116643e+02
-6.811141e-03 -1.587752e-02 9.998507e-01 9.838609e+00 1.328374e-02 9.997843e-01 1.596695e-02 -1.498663e+00 -9.998886e-01 1.339051e-02 -6.598759e-03 1.116750e+02
-1.033332e-02 -1.628948e-02 9.998139e-01 1.048941e+01 1.131359e-02 9.998014e-01 1.640621e-02 -1.512012e+00 -9.998826e-01 1.148102e-02 -1.014698e-02 1.116784e+02
-9.934812e-03 -1.431845e-02 9.998481e-01 1.115691e+01 1.069672e-02 9.998388e-01 1.442460e-02 -1.531280e+00 -9.998935e-01 1.083840e-02 -9.780050e-03 1.116671e+02
-6.739701e-03 -1.231546e-02 9.999014e-01 1.183016e+01 1.090861e-02 9.998638e-01 1.238853e-02 -1.539102e+00 -9.999178e-01 1.099103e-02 -6.604438e-03 1.116602e+02
-6.084420e-03 -1.093192e-02 9.999217e-01 1.251015e+01 1.210039e-02 9.998663e-01 1.100494e-02 -1.549769e+00 -9.999083e-01 1.216640e-02 -5.951326e-03 1.116385e+02
-5.493102e-03 -1.019609e-02 9.999329e-01 1.324313e+01 1.266996e-02 9.998671e-01 1.026502e-02 -1.559593e+00 -9.999047e-01 1.272550e-02 -5.363188e-03 1.116365e+02
-4.847457e-03 -9.471663e-03 9.999434e-01 1.399255e+01 1.231653e-02 9.998788e-01 9.530758e-03 -1.573263e+00 -9.999124e-01 1.236204e-02 -4.730212e-03 1.116343e+02
-3.126504e-03 -8.985992e-03 9.999547e-01 1.476512e+01 1.108780e-02 9.998979e-01 9.020149e-03 -1.585684e+00 -9.999337e-01 1.111550e-02 -3.026550e-03 1.116249e+02
-3.643949e-03 -8.484066e-03 9.999574e-01 1.555347e+01 9.686032e-03 9.999168e-01 8.519019e-03 -1.597478e+00 -9.999465e-01 9.716661e-03 -3.561469e-03 1.116107e+02
-3.247373e-03 -8.671220e-03 9.999571e-01 1.634464e+01 7.623960e-03 9.999332e-01 8.695771e-03 -1.616953e+00 -9.999657e-01 7.651871e-03 -3.181047e-03 1.116134e+02
-3.578444e-03 -9.324310e-03 9.999501e-01 1.713729e+01 5.998346e-03 9.999384e-01 9.345666e-03 -1.624740e+00 -9.999756e-01 6.031489e-03 -3.522293e-03 1.116044e+02
-9.622434e-04 -1.069867e-02 9.999423e-01 1.791919e+01 5.046970e-03 9.999300e-01 1.070339e-02 -1.631611e+00 -9.999868e-01 5.056978e-03 -9.081804e-04 1.115961e+02
-2.204516e-03 -1.248600e-02 9.999196e-01 1.872399e+01 3.020904e-03 9.999174e-01 1.249264e-02 -1.639415e+00 -9.999930e-01 3.048201e-03 -2.166615e-03 1.115892e+02
-2.739581e-03 -1.373545e-02 9.999019e-01 1.955299e+01 7.418456e-04 9.999054e-01 1.373754e-02 -1.657658e+00 -9.999960e-01 7.794075e-04 -2.729132e-03 1.115903e+02
-1.743447e-03 -1.486952e-02 9.998879e-01 2.039321e+01 -6.160479e-05 9.998895e-01 1.486944e-02 -1.666569e+00 -9.999985e-01 -3.567417e-05 -1.744170e-03 1.115764e+02
-7.916678e-04 -1.552493e-02 9.998792e-01 2.124548e+01 3.609280e-03 9.998730e-01 1.552769e-02 -1.677171e+00 -9.999932e-01 3.621137e-03 -7.355336e-04 1.115501e+02
-5.561873e-04 -1.634122e-02 9.998663e-01 2.210299e+01 7.884215e-03 9.998354e-01 1.634510e-02 -1.681485e+00 -9.999688e-01 7.892252e-03 -4.272582e-04 1.115205e+02
-1.088357e-03 -1.713770e-02 9.998525e-01 2.296736e+01 9.955729e-03 9.998034e-01 1.714770e-02 -1.698163e+00 -9.999499e-01 9.972923e-03 -9.175253e-04 1.114928e+02
2.937923e-03 -1.889113e-02 9.998172e-01 2.384233e+01 7.613851e-03 9.997930e-01 1.886830e-02 -1.713528e+00 -9.999667e-01 7.557025e-03 3.081149e-03 1.114776e+02
6.042785e-03 -2.011527e-02 9.997794e-01 2.474457e+01 3.957152e-03 9.997904e-01 2.009157e-02 -1.725579e+00 -9.999739e-01 3.834869e-03 6.121117e-03 1.114724e+02
8.179401e-03 -2.042636e-02 9.997579e-01 2.564306e+01 -1.390494e-03 9.997902e-01 2.043839e-02 -1.740749e+00 -9.999656e-01 -1.557332e-03 8.149282e-03 1.114749e+02
1.145647e-02 -2.078769e-02 9.997183e-01 2.654028e+01 -6.486468e-03 9.997613e-01 2.086292e-02 -1.744756e+00 -9.999134e-01 -6.723656e-03 1.131890e-02 1.114591e+02
1.348954e-02 -1.971953e-02 9.997145e-01 2.742206e+01 -8.046234e-03 9.997710e-01 1.982922e-02 -1.751629e+00 -9.998767e-01 -8.311424e-03 1.332778e-02 1.114325e+02
1.019119e-02 -1.889252e-02 9.997696e-01 2.829719e+01 -1.857412e-03 9.998195e-01 1.891239e-02 -1.758754e+00 -9.999464e-01 -2.049724e-03 1.015426e-02 1.114058e+02
7.121643e-03 -1.771170e-02 9.998178e-01 2.916640e+01 7.301485e-03 9.998174e-01 1.765969e-02 -1.768923e+00 -9.999480e-01 7.174388e-03 7.249664e-03 1.113720e+02
5.801754e-03 -1.770923e-02 9.998263e-01 3.004573e+01 1.225088e-02 9.997694e-01 1.763713e-02 -1.776926e+00 -9.999082e-01 1.214643e-02 6.017370e-03 1.113483e+02
5.437390e-03 -1.693844e-02 9.998417e-01 3.093207e+01 8.450665e-03 9.998216e-01 1.689214e-02 -1.789522e+00 -9.999495e-01 8.357478e-03 5.579561e-03 1.113364e+02
3.169623e-03 -1.594850e-02 9.998678e-01 3.180788e+01 7.414703e-04 9.998726e-01 1.594623e-02 -1.806875e+00 -9.999947e-01 6.908284e-04 3.181044e-03 1.113208e+02
4.056570e-04 -1.525423e-02 9.998836e-01 3.265297e+01 -2.558928e-03 9.998804e-01 1.525522e-02 -1.814119e+00 -9.999967e-01 -2.564819e-03 3.665738e-04 1.112998e+02
1.233145e-03 -1.469751e-02 9.998912e-01 3.348122e+01 -2.492491e-03 9.998889e-01 1.470055e-02 -1.826133e+00 -9.999962e-01 -2.510348e-03 1.196374e-03 1.112830e+02
3.590928e-03 -1.468785e-02 9.998857e-01 3.430281e+01 -1.913618e-03 9.998902e-01 1.469479e-02 -1.837657e+00 -9.999918e-01 -1.966168e-03 3.562426e-03 1.112713e+02
5.501961e-03 -1.641720e-02 9.998501e-01 3.511758e+01 -1.472121e-03 9.998641e-01 1.642553e-02 -1.847628e+00 -9.999838e-01 -1.562273e-03 5.477045e-03 1.112580e+02
6.231252e-03 -1.871792e-02 9.998054e-01 3.593395e+01 -1.777566e-03 9.998231e-01 1.872933e-02 -1.852341e+00 -9.999790e-01 -1.893928e-03 6.196877e-03 1.112431e+02
6.860560e-03 -2.074199e-02 9.997613e-01 3.674202e+01 -1.145604e-03 9.997841e-01 2.075033e-02 -1.862747e+00 -9.999758e-01 -1.287690e-03 6.835316e-03 1.112332e+02
8.079293e-03 -2.298271e-02 9.997032e-01 3.754571e+01 -8.819418e-04 9.997353e-01 2.299057e-02 -1.872282e+00 -9.999670e-01 -1.067428e-03 8.056885e-03 1.112198e+02
9.855786e-03 -2.472578e-02 9.996457e-01 3.835663e+01 -2.126339e-03 9.996915e-01 2.474788e-02 -1.877150e+00 -9.999492e-01 -2.369495e-03 9.800170e-03 1.112009e+02
9.822181e-03 -2.701674e-02 9.995867e-01 3.917392e+01 -2.816677e-03 9.996303e-01 2.704559e-02 -1.889292e+00 -9.999478e-01 -3.081160e-03 9.742452e-03 1.111813e+02
9.812875e-03 -2.896058e-02 9.995324e-01 3.997567e+01 -2.831729e-03 9.995757e-01 2.898963e-02 -1.894613e+00 -9.999479e-01 -3.114877e-03 9.726704e-03 1.111653e+02
9.775724e-03 -3.062019e-02 9.994833e-01 4.077218e+01 -2.308383e-03 9.995277e-01 3.064413e-02 -1.905806e+00 -9.999496e-01 -2.606759e-03 9.700423e-03 1.111350e+02
1.024486e-02 -3.200910e-02 9.994351e-01 4.154941e+01 -2.470319e-03 9.994837e-01 3.203598e-02 -1.908334e+00 -9.999445e-01 -2.797128e-03 1.016050e-02 1.110994e+02
8.862313e-03 -3.333336e-02 9.994050e-01 4.231781e+01 -3.396138e-03 9.994375e-01 3.336456e-02 -1.917195e+00 -9.999550e-01 -3.689805e-03 8.744124e-03 1.110672e+02
8.750681e-03 -3.483373e-02 9.993548e-01 4.307963e+01 -4.135986e-03 9.993833e-01 3.487094e-02 -1.924193e+00 -9.999532e-01 -4.438462e-03 8.601212e-03 1.110478e+02
1.002175e-02 -3.591747e-02 9.993045e-01 4.384082e+01 -4.641705e-03 9.993423e-01 3.596538e-02 -1.930892e+00 -9.999390e-01 -4.998913e-03 9.848435e-03 1.110258e+02
1.136510e-02 -3.743187e-02 9.992345e-01 4.459971e+01 -5.678771e-03 9.992806e-01 3.749819e-02 -1.936969e+00 -9.999193e-01 -6.100595e-03 1.114435e-02 1.109844e+02
1.295866e-02 -3.840231e-02 9.991783e-01 4.535356e+01 -6.871185e-03 9.992353e-01 3.849361e-02 -1.941635e+00 -9.998925e-01 -7.364365e-03 1.268488e-02 1.109584e+02
1.289477e-02 -3.879158e-02 9.991641e-01 4.608714e+01 -6.797155e-03 9.992208e-01 3.888150e-02 -1.943600e+00 -9.998938e-01 -7.292842e-03 1.262105e-02 1.109323e+02
1.198389e-02 -3.922728e-02 9.991584e-01 4.679367e+01 -4.575409e-03 9.992176e-01 3.928448e-02 -1.952565e+00 -9.999178e-01 -5.042340e-03 1.179503e-02 1.109059e+02
1.230593e-02 -3.989613e-02 9.991280e-01 4.750407e+01 -2.359153e-03 9.991998e-01 3.992805e-02 -1.963082e+00 -9.999215e-01 -2.848448e-03 1.220196e-02 1.108721e+02
1.366537e-02 -3.987115e-02 9.991114e-01 4.821740e+01 -9.738106e-04 9.992037e-01 3.988815e-02 -1.969219e+00 -9.999062e-01 -1.518032e-03 1.361566e-02 1.108463e+02
1.366836e-02 -4.038692e-02 9.990906e-01 4.890536e+01 -8.906707e-04 9.991831e-01 4.040285e-02 -1.971240e+00 -9.999062e-01 -1.442102e-03 1.362123e-02 1.108183e+02
1.314458e-02 -4.103544e-02 9.990712e-01 4.958916e+01 -4.211904e-04 9.991573e-01 4.104452e-02 -1.978120e+00 -9.999136e-01 -9.603125e-04 1.311622e-02 1.107798e+02
1.285779e-02 -4.083276e-02 9.990833e-01 5.028187e+01 -1.223042e-03 9.991645e-01 4.085182e-02 -1.984032e+00 -9.999166e-01 -1.747185e-03 1.279710e-02 1.107536e+02
1.571939e-02 -4.098298e-02 9.990362e-01 5.098074e+01 -1.292091e-03 9.991580e-01 4.100831e-02 -1.989332e+00 -9.998756e-01 -1.935472e-03 1.565320e-02 1.107308e+02
1.816886e-02 -4.108280e-02 9.989905e-01 5.168252e+01 -1.242749e-03 9.991538e-01 4.111212e-02 -1.997917e+00 -9.998342e-01 -1.988455e-03 1.810243e-02 1.107093e+02
1.685648e-02 -4.120384e-02 9.990086e-01 5.237761e+01 -2.164632e-03 9.991467e-01 4.124607e-02 -2.004740e+00 -9.998556e-01 -2.857749e-03 1.675290e-02 1.106802e+02
1.624125e-02 -4.210421e-02 9.989812e-01 5.305506e+01 -3.081812e-03 9.991062e-01 4.215958e-02 -2.012639e+00 -9.998634e-01 -3.763397e-03 1.609697e-02 1.106497e+02
2.027716e-02 -4.560283e-02 9.987538e-01 5.372135e+01 -3.737274e-03 9.989488e-01 4.568761e-02 -2.023974e+00 -9.997874e-01 -4.659032e-03 2.008541e-02 1.106244e+02
2.141560e-02 -5.033397e-02 9.985028e-01 5.437751e+01 -3.127793e-03 9.987236e-01 5.041219e-02 -2.024120e+00 -9.997658e-01 -4.202718e-03 2.123083e-02 1.106037e+02
1.819627e-02 -5.682589e-02 9.982183e-01 5.500992e+01 -5.742494e-04 9.983829e-01 5.684573e-02 -2.032170e+00 -9.998343e-01 -1.607607e-03 1.813421e-02 1.105492e+02
1.639171e-02 -6.410881e-02 9.978083e-01 5.565047e+01 2.090525e-03 9.979424e-01 6.408309e-02 -2.035062e+00 -9.998635e-01 1.035511e-03 1.649201e-02 1.104972e+02
1.934227e-02 -7.174211e-02 9.972356e-01 5.630544e+01 3.563024e-03 9.974209e-01 7.168633e-02 -2.046505e+00 -9.998066e-01 2.166598e-03 1.954800e-02 1.104472e+02
2.224597e-02 -7.792992e-02 9.967106e-01 5.698639e+01 3.047851e-03 9.969580e-01 7.788124e-02 -2.054735e+00 -9.997479e-01 1.305282e-03 2.241581e-02 1.104029e+02
2.290960e-02 -8.399745e-02 9.962026e-01 5.767763e+01 2.319873e-03 9.964659e-01 8.396630e-02 -2.060566e+00 -9.997349e-01 3.874283e-04 2.302350e-02 1.103393e+02
2.417468e-02 -8.821801e-02 9.958078e-01 5.835531e+01 2.535075e-03 9.961012e-01 8.818246e-02 -2.071470e+00 -9.997046e-01 3.926648e-04 2.430406e-02 1.102833e+02
2.570450e-02 -9.151624e-02 9.954718e-01 5.905231e+01 2.006821e-03 9.958036e-01 9.149492e-02 -2.073656e+00 -9.996676e-01 -3.540980e-04 2.578029e-02 1.102330e+02
2.540469e-02 -9.346729e-02 9.952982e-01 5.977739e+01 -7.809157e-04 9.956174e-01 9.351720e-02 -2.072412e+00 -9.996770e-01 -3.153020e-03 2.522036e-02 1.101808e+02
2.542365e-02 -9.549912e-02 9.951048e-01 6.051270e+01 -3.917022e-03 9.954094e-01 9.562843e-02 -2.074943e+00 -9.996691e-01 -6.329072e-03 2.493287e-02 1.101053e+02
2.527744e-02 -9.708909e-02 9.949546e-01 6.124083e+01 -6.134704e-03 9.952389e-01 9.727269e-02 -2.086480e+00 -9.996617e-01 -8.562557e-03 2.456148e-02 1.100203e+02
2.452284e-02 -9.791291e-02 9.948928e-01 6.196328e+01 -6.104149e-03 9.951589e-01 9.808956e-02 -2.085575e+00 -9.996807e-01 -8.478410e-03 2.380645e-02 1.099516e+02
2.072895e-02 -9.830102e-02 9.949408e-01 6.267457e+01 -2.960620e-03 9.951443e-01 9.838281e-02 -2.093134e+00 -9.997808e-01 -4.985014e-03 2.033727e-02 1.098816e+02
1.567647e-02 -9.911723e-02 9.949523e-01 6.338721e+01 2.307798e-04 9.950749e-01 9.912581e-02 -2.091530e+00 -9.998771e-01 -1.324328e-03 1.562213e-02 1.097809e+02
1.082961e-02 -9.962647e-02 9.949660e-01 6.413075e+01 3.424275e-03 9.950222e-01 9.959483e-02 -2.108282e+00 -9.999355e-01 2.328464e-03 1.111685e-02 1.096861e+02
1.069722e-02 -1.000503e-01 9.949249e-01 6.488834e+01 5.011376e-03 9.949747e-01 1.000015e-01 -2.115277e+00 -9.999303e-01 3.916205e-03 1.114485e-02 1.096093e+02
1.218135e-02 -1.004881e-01 9.948637e-01 6.564939e+01 2.236595e-03 9.949378e-01 1.004682e-01 -2.130820e+00 -9.999233e-01 1.001268e-03 1.234444e-02 1.095428e+02
1.225545e-02 -1.001728e-01 9.948946e-01 6.640856e+01 -2.443095e-03 9.949634e-01 1.002098e-01 -2.126630e+00 -9.999220e-01 -3.658738e-03 1.194899e-02 1.094807e+02
1.083877e-02 -1.001337e-01 9.949149e-01 6.716947e+01 -4.937061e-03 9.949560e-01 1.001917e-01 -2.128186e+00 -9.999291e-01 -5.997910e-03 1.028974e-02 1.094065e+02
9.975567e-03 -1.005928e-01 9.948777e-01 6.791719e+01 -4.560042e-03 9.949123e-01 1.006420e-01 -2.143312e+00 -9.999399e-01 -5.540645e-03 9.466107e-03 1.093438e+02
1.150405e-02 -1.017322e-01 9.947453e-01 6.866702e+01 -4.108640e-03 9.947980e-01 1.017851e-01 -2.147089e+00 -9.999254e-01 -5.257992e-03 1.102622e-02 1.092705e+02
1.176487e-02 -1.033358e-01 9.945769e-01 6.941043e+01 -3.481623e-03 9.946356e-01 1.033830e-01 -2.150860e+00 -9.999248e-01 -4.679031e-03 1.134199e-02 1.091978e+02
1.174445e-02 -1.053794e-01 9.943627e-01 7.018307e+01 -3.654885e-03 9.944202e-01 1.054286e-01 -2.152171e+00 -9.999244e-01 -4.872482e-03 1.129377e-02 1.091182e+02
1.151188e-02 -1.078731e-01 9.940980e-01 7.098173e+01 -3.630571e-03 9.941529e-01 1.079211e-01 -2.161145e+00 -9.999272e-01 -4.851518e-03 1.105292e-02 1.090438e+02
1.053815e-02 -1.102566e-01 9.938473e-01 7.178532e+01 -3.846523e-03 9.938907e-01 1.103022e-01 -2.169465e+00 -9.999371e-01 -4.985238e-03 1.004966e-02 1.089561e+02
1.122475e-02 -1.117520e-01 9.936727e-01 7.258280e+01 -3.277879e-03 9.937259e-01 1.117951e-01 -2.174200e+00 -9.999317e-01 -4.512011e-03 1.078801e-02 1.088636e+02
1.206084e-02 -1.134415e-01 9.934715e-01 7.337458e+01 -2.089994e-03 9.935387e-01 1.134746e-01 -2.183031e+00 -9.999251e-01 -3.444949e-03 1.174582e-02 1.087703e+02
1.239479e-02 -1.144993e-01 9.933460e-01 7.415814e+01 -1.812799e-03 9.934182e-01 1.145303e-01 -2.185017e+00 -9.999216e-01 -3.220315e-03 1.210564e-02 1.086831e+02
1.269621e-02 -1.157327e-01 9.931992e-01 7.493299e+01 -1.763500e-03 9.932752e-01 1.157641e-01 -2.191630e+00 -9.999179e-01 -3.221272e-03 1.240673e-02 1.085957e+02
1.233616e-02 -1.169583e-01 9.930602e-01 7.571451e+01 -3.508089e-03 9.931246e-01 1.170095e-01 -2.197443e+00 -9.999178e-01 -4.927192e-03 1.184104e-02 1.085093e+02
1.415686e-02 -1.181561e-01 9.928941e-01 7.649861e+01 -5.406035e-03 9.929701e-01 1.182422e-01 -2.200815e+00 -9.998852e-01 -7.041559e-03 1.341858e-02 1.084248e+02
1.605109e-02 -1.194716e-01 9.927079e-01 7.728679e+01 -6.947491e-03 9.927985e-01 1.195948e-01 -2.202250e+00 -9.998471e-01 -8.816457e-03 1.510547e-02 1.083346e+02
