-7.027555e-03 9.999753e-01 2.599616e-05 -7.137748e-03 2.254837e-03 4.184312e-05 -9.999975e-01 -7.482656e-02 -9.999728e-01 -7.027479e-03 -2.255075e-03 -3.336324e-01
-7.972474e-03 9.999678e-01 -9.221812e-04 -1.473547e-02 3.211489e-03 -8.966015e-04 -9.999945e-01 -9.060359e-02 -9.999631e-01 -7.975392e-03 -3.204237e-03 1.842117e-01
-8.337814e-03 9.999610e-01 -2.901164e-03 -1.379810e-02 4.497533e-03 -2.863735e-03 -9.999858e-01 -9.925966e-02 -9.999552e-01 -8.350744e-03 -4.473480e-03 7.250915e-01
-1.025997e-02 9.999336e-01 -5.250866e-03 -1.112076e-02 6.189261e-03 -5.187538e-03 -9.999674e-01 -1.081918e-01 -9.999282e-01 -1.029214e-02 -6.135626e-03 1.280771e+00
-1.258622e-02 9.998987e-01 -6.648396e-03 -9.804107e-03 7.610734e-03 -6.552934e-03 -9.999496e-01 -1.205142e-01 -9.998919e-01 -1.263618e-02 -7.527486e-03 1.834231e+00
-1.349768e-02 9.998771e-01 -7.976791e-03 -6.927499e-03 8.498053e-03 -7.862520e-03 -9.999330e-01 -1.320943e-01 -9.998728e-01 -1.356456e-02 -8.390882e-03 2.402487e+00
-1.376497e-02 9.998580e-01 -9.723407e-03 -3.693132e-03 7.965393e-03 -9.614372e-03 -9.999221e-01 -1.428360e-01 -9.998736e-01 -1.384135e-02 -7.831920e-03 2.958429e+00
-1.417338e-02 9.998399e-01 -1.092196e-02 -3.635471e-03 8.139360e-03 -1.080733e-02 -9.999085e-01 -1.555372e-01 -9.998665e-01 -1.426098e-02 -7.984880e-03 3.522542e+00
-1.408878e-02 9.998309e-01 -1.181422e-02 -7.855930e-03 1.040959e-02 -1.166809e-02 -9.998778e-01 -1.722931e-01 -9.998466e-01 -1.421004e-02 -1.024344e-02 4.155668e+00
-1.291224e-02 9.998320e-01 -1.300628e-02 -2.762907e-02 1.348381e-02 -1.283207e-02 -9.998268e-01 -1.864595e-01 -9.998258e-01 -1.308538e-02 -1.331585e-02 4.746615e+00
-1.147826e-02 9.998271e-01 -1.463009e-02 -3.772294e-02 1.691126e-02 -1.443486e-02 -9.997528e-01 -1.959575e-01 -9.997911e-01 -1.172283e-02 -1.674265e-02 5.337646e+00
-8.718679e-03 9.998388e-01 -1.569710e-02 -5.005821e-02 1.703153e-02 -1.554694e-02 -9.997341e-01 -2.115817e-01 -9.998170e-01 -8.983706e-03 -1.689323e-02 5.948545e+00
-5.774910e-03 9.998461e-01 -1.656267e-02 -6.629777e-02 1.132221e-02 -1.649650e-02 -9.997999e-01 -2.213857e-01 -9.999193e-01 -5.961280e-03 -1.122520e-02 6.590057e+00
-4.475005e-03 9.998375e-01 -1.746183e-02 -8.579128e-02 2.042290e-03 -1.745283e-02 -9.998456e-01 -2.262736e-01 -9.999879e-01 -4.509976e-03 -1.963856e-03 7.273027e+00
-4.540543e-03 9.998273e-01 -1.801845e-02 -9.297304e-02 -4.849153e-03 -1.804044e-02 -9.998255e-01 -2.400469e-01 -9.999780e-01 -4.452377e-03 4.930230e-03 7.958854e+00
-4.328746e-03 9.998099e-01 -1.900846e-02 -9.287536e-02 -5.259629e-03 -1.903114e-02 -9.998051e-01 -2.542766e-01 -9.999768e-01 -4.227925e-03 5.341011e-03 8.650760e+00
-2.886747e-03 9.997907e-01 -2.025315e-02 -1.061120e-01 6.663369e-04 -2.025131e-02 -9.997947e-01 -2.604156e-01 -9.999956e-01 -2.899650e-03 -6.077367e-04 9.336105e+00
-2.180578e-03 9.997742e-01 -2.113589e-02 -1.202730e-01 6.821969e-03 -2.112058e-02 -9.997537e-01 -2.584654e-01 -9.999744e-01 -2.324229e-03 -6.774373e-03 1.004599e+01
-2.247460e-03 9.997577e-01 -2.189895e-02 -1.476733e-01 6.059579e-03 -2.188499e-02 -9.997422e-01 -2.624314e-01 -9.999792e-01 -2.379579e-03 -6.008924e-03 1.078344e+01
-2.421640e-03 9.997459e-01 -2.241230e-02 -1.595069e-01 -1.659847e-03 -2.241636e-02 -9.997474e-01 -2.676436e-01 -9.999957e-01 -2.383827e-03 1.713710e-03 1.153746e+01
-4.230915e-03 9.997387e-01 -2.246564e-02 -1.459551e-01 -9.421369e-03 -2.250470e-02 -9.997024e-01 -2.711983e-01 -9.999467e-01 -4.017999e-03 9.514122e-03 1.229943e+01
-6.003271e-03 9.997151e-01 -2.310208e-02 -1.541266e-01 -1.211679e-02 -2.317352e-02 -9.996581e-01 -2.722327e-01 -9.999086e-01 -5.721296e-03 1.225246e-02 1.308685e+01
-8.858492e-03 9.996822e-01 -2.360197e-02 -1.682873e-01 -1.192608e-02 -2.370684e-02 -9.996479e-01 -2.689007e-01 -9.998897e-01 -8.573894e-03 1.213230e-02 1.388418e+01
-9.460058e-03 9.996710e-01 -2.384108e-02 -2.000604e-01 -1.011110e-02 -2.393656e-02 -9.996624e-01 -2.668603e-01 -9.999042e-01 -9.215804e-03 1.033422e-02 1.471297e+01
-8.099966e-03 9.996956e-01 -2.330461e-02 -2.141608e-01 -7.327893e-03 -2.336409e-02 -9.997002e-01 -2.572649e-01 -9.999404e-01 -7.926764e-03 7.514911e-03 1.554889e+01
-1.039276e-02 9.996870e-01 -2.275567e-02 -2.268000e-01 -2.070259e-03 -2.277836e-02 -9.997384e-01 -2.543106e-01 -9.999439e-01 -1.034293e-02 2.306342e-03 1.639806e+01
-1.291158e-02 9.996810e-01 -2.170811e-02 -2.297893e-01 3.782712e-03 -2.166093e-02 -9.997583e-01 -2.625297e-01 -9.999095e-01 -1.299057e-02 -3.501828e-03 1.725593e+01
-1.125708e-02 9.997261e-01 -2.051668e-02 -2.491922e-01 8.785707e-03 -2.041831e-02 -9.997530e-01 -2.782710e-01 -9.998981e-01 -1.143455e-02 -8.553450e-03 1.811783e+01
-8.134409e-03 9.997508e-01 -2.078882e-02 -2.727068e-01 1.027664e-02 -2.070483e-02 -9.997329e-01 -2.868579e-01 -9.999141e-01 -8.345875e-03 -1.010566e-02 1.900875e+01
-8.024354e-03 9.997585e-01 -2.046003e-02 -2.888506e-01 9.624319e-03 -2.038252e-02 -9.997460e-01 -3.024568e-01 -9.999215e-01 -8.219230e-03 -9.458438e-03 1.990731e+01
-7.896398e-03 9.997581e-01 -2.052583e-02 -3.225495e-01 1.029178e-02 -2.044413e-02 -9.997381e-01 -3.169698e-01 -9.999159e-01 -8.105577e-03 -1.012785e-02 2.082882e+01
-5.329165e-03 9.997714e-01 -2.070571e-02 -3.548334e-01 1.211183e-02 -2.063996e-02 -9.997136e-01 -3.353193e-01 -9.999125e-01 -5.578423e-03 -1.199907e-02 2.178540e+01
-1.130698e-03 9.997919e-01 -2.036751e-02 -3.752337e-01 1.301964e-02 -2.035108e-02 -9.997082e-01 -3.540030e-01 -9.999146e-01 -1.395546e-03 -1.299392e-02 2.273937e+01
9.556402e-04 9.997799e-01 -2.095893e-02 -3.890084e-01 1.287002e-02 -2.096950e-02 -9.996973e-01 -3.746311e-01 -9.999168e-01 6.856090e-04 -1.288722e-02 2.369145e+01
1.603400e-03 9.997730e-01 -2.124599e-02 -4.082192e-01 1.280553e-02 -2.126480e-02 -9.996919e-01 -3.939078e-01 -9.999168e-01 1.330839e-03 -1.283672e-02 2.464857e+01
2.064822e-03 9.997608e-01 -2.177355e-02 -4.430622e-01 1.245222e-02 -2.179761e-02 -9.996849e-01 -4.175933e-01 -9.999204e-01 1.793042e-03 -1.249425e-02 2.562139e+01
3.100859e-03 9.997553e-01 -2.190169e-02 -4.777627e-01 1.134071e-02 -2.193555e-02 -9.996951e-01 -4.403181e-01 -9.999309e-01 2.851532e-03 -1.140595e-02 2.659908e+01
4.234253e-03 9.997521e-01 -2.185921e-02 -5.003950e-01 9.498256e-03 -2.189863e-02 -9.997151e-01 -4.649289e-01 -9.999460e-01 4.025422e-03 -9.588625e-03 2.760054e+01
4.073415e-03 9.997493e-01 -2.201844e-02 -5.150071e-01 8.226437e-03 -2.205138e-02 -9.997230e-01 -4.825594e-01 -9.999579e-01 3.891154e-03 -8.314198e-03 2.862992e+01
3.462836e-03 9.997338e-01 -2.281232e-02 -5.297403e-01 8.597770e-03 -2.284138e-02 -9.997022e-01 -5.055597e-01 -9.999571e-01 3.265670e-03 -8.674576e-03 2.966883e+01
4.719124e-03 9.997198e-01 -2.319649e-02 -5.488889e-01 9.315816e-03 -2.323970e-02 -9.996866e-01 -5.256785e-01 -9.999455e-01 4.501551e-03 -9.422877e-03 3.071579e+01
5.721979e-03 9.997151e-01 -2.317076e-02 -5.801283e-01 8.650530e-03 -2.321975e-02 -9.996930e-01 -5.455652e-01 -9.999462e-01 5.519783e-03 -8.780929e-03 3.174757e+01
5.747458e-03 9.997095e-01 -2.340579e-02 -6.057763e-01 5.967782e-03 -2.344005e-02 -9.997075e-01 -5.661190e-01 -9.999657e-01 5.606096e-03 -6.100768e-03 3.280454e+01
6.114919e-03 9.997128e-01 -2.317204e-02 -6.169647e-01 2.582762e-03 -2.318818e-02 -9.997278e-01 -5.858397e-01 -9.999780e-01 6.053406e-03 -2.723814e-03 3.387950e+01
5.109042e-03 9.996961e-01 -2.411771e-02 -6.377241e-01 8.507469e-05 -2.411847e-02 -9.997091e-01 -5.994165e-01 -9.999870e-01 5.105504e-03 -2.082707e-04 3.494468e+01
3.920874e-03 9.996861e-01 -2.474308e-02 -6.482964e-01 -7.268438e-04 -2.474041e-02 -9.996937e-01 -6.103179e-01 -9.999921e-01 3.937657e-03 6.296120e-04 3.601876e+01
3.266044e-03 9.996817e-01 -2.501557e-02 -6.582117e-01 3.023468e-04 -2.501669e-02 -9.996870e-01 -6.258182e-01 -9.999947e-01 3.257458e-03 -3.839558e-04 3.710012e+01
3.974428e-03 9.996746e-01 -2.519795e-02 -6.933610e-01 8.510704e-04 -2.520152e-02 -9.996821e-01 -6.402444e-01 -9.999918e-01 3.951719e-03 -9.509547e-04 3.818302e+01
4.760504e-03 9.996516e-01 -2.595989e-02 -7.235353e-01 -3.833842e-04 -2.595836e-02 -9.996630e-01 -6.517835e-01 -9.999886e-01 4.768852e-03 2.596761e-04 3.927688e+01
5.597495e-03 9.996209e-01 -2.695829e-02 -7.546132e-01 -2.625119e-03 -2.694394e-02 -9.996335e-01 -6.657979e-01 -9.999809e-01 5.666213e-03 2.473306e-03 4.037283e+01
4.969774e-03 9.996240e-01 -2.696603e-02 -7.708830e-01 -4.919692e-03 -2.694160e-02 -9.996249e-01 -6.769477e-01 -9.999756e-01 5.100574e-03 4.783949e-03 4.147251e+01
4.279265e-03 9.996060e-01 -2.774161e-02 -8.069503e-01 -5.551231e-03 -2.771770e-02 -9.996004e-01 -6.881373e-01 -9.999755e-01 4.431555e-03 5.430433e-03 4.257919e+01
3.809221e-03 9.995939e-01 -2.824149e-02 -8.538379e-01 -2.469653e-03 -2.823221e-02 -9.995984e-01 -7.005524e-01 -9.999897e-01 3.877437e-03 2.361108e-03 4.367917e+01
6.087794e-03 9.995613e-01 -2.898456e-02 -8.778941e-01 1.568208e-03 -2.899460e-02 -9.995784e-01 -7.163986e-01 -9.999803e-01 6.039773e-03 -1.744033e-03 4.475286e+01
1.009860e-02 9.995246e-01 -2.913039e-02 -9.145848e-01 2.019300e-03 -2.915220e-02 -9.995730e-01 -7.300532e-01 -9.999470e-01 1.003546e-02 -2.312736e-03 4.582475e+01
9.310578e-03 9.995500e-01 -2.851586e-02 -9.287724e-01 -1.059058e-04 -2.851611e-02 -9.995934e-01 -7.423629e-01 -9.999567e-01 9.309812e-03 -1.596429e-04 4.691749e+01
9.607040e-03 9.995612e-01 -2.802101e-02 -9.543570e-01 -2.231549e-03 -2.800080e-02 -9.996055e-01 -7.536804e-01 -9.999514e-01 9.665779e-03 1.961565e-03 4.802313e+01
8.151631e-03 9.995680e-01 -2.823720e-02 -9.852263e-01 -3.676246e-03 -2.820800e-02 -9.995954e-01 -7.651972e-01 -9.999601e-01 8.252139e-03 3.444717e-03 4.913204e+01
7.344168e-03 9.995661e-01 -2.852513e-02 -1.009413e+00 -3.573754e-03 -2.849948e-02 -9.995875e-01 -7.750005e-01 -9.999667e-01 7.443080e-03 3.362899e-03 5.023037e+01
5.276087e-03 9.995762e-01 -2.862683e-02 -1.043172e+00 -2.219670e-03 -2.861545e-02 -9.995881e-01 -7.864441e-01 -9.999837e-01 5.337456e-03 2.067752e-03 5.132443e+01
5.438606e-03 9.995930e-01 -2.800585e-02 -1.065239e+00 1.732718e-04 -2.800720e-02 -9.996077e-01 -7.958449e-01 -9.999852e-01 5.431620e-03 -3.255210e-04 5.242756e+01
4.412928e-03 9.995986e-01 -2.798425e-02 -1.105377e+00 2.499104e-03 -2.799547e-02 -9.996050e-01 -8.070548e-01 -9.999872e-01 4.341249e-03 -2.621642e-03 5.349569e+01
3.679187e-03 9.996060e-01 -2.782764e-02 -1.139344e+00 5.033505e-03 -2.784599e-02 -9.995996e-01 -8.290913e-01 -9.999806e-01 3.537643e-03 -5.133972e-03 5.457760e+01
2.746271e-03 9.996069e-01 -2.790213e-02 -1.176019e+00 6.901452e-03 -2.792051e-02 -9.995864e-01 -8.500750e-01 -9.999724e-01 2.552569e-03 -6.975416e-03 5.570967e+01
2.847401e-03 9.996222e-01 -2.733924e-02 -1.216651e+00 4.736175e-03 -2.735253e-02 -9.996147e-01 -8.732144e-01 -9.999848e-01 2.716820e-03 -4.812268e-03 5.685032e+01
1.966953e-03 9.996558e-01 -2.616219e-02 -1.239091e+00 -7.453056e-04 -2.616077e-02 -9.996575e-01 -8.914685e-01 -9.999978e-01 1.985778e-03 6.935924e-04 5.798300e+01
-1.679878e-03 9.996606e-01 -2.599694e-02 -1.263506e+00 -6.585020e-03 -2.600747e-02 -9.996401e-01 -8.933177e-01 -9.999769e-01 -1.508084e-03 6.626475e-03 5.909262e+01
-5.742947e-03 9.996478e-01 -2.590786e-02 -1.273740e+00 -7.829635e-03 -2.595245e-02 -9.996326e-01 -9.037603e-01 -9.999529e-01 -5.537988e-03 7.975922e-03 6.016976e+01
-9.303733e-03 9.995970e-01 -2.682082e-02 -1.298855e+00 -5.333247e-03 -2.687120e-02 -9.996247e-01 -9.132078e-01 -9.999425e-01 -9.157200e-03 5.581101e-03 6.123507e+01
-1.128573e-02 9.995784e-01 -2.675003e-02 -1.329212e+00 -2.258372e-03 -2.677715e-02 -9.996389e-01 -9.230156e-01 -9.999338e-01 -1.122124e-02 2.559620e-03 6.228887e+01
-7.368362e-03 9.996007e-01 -2.727795e-02 -1.379857e+00 1.043875e-03 -2.727099e-02 -9.996276e-01 -9.380396e-01 -9.999723e-01 -7.394093e-03 -8.425153e-04 6.335506e+01
-1.079594e-02 9.995586e-01 -2.767635e-02 -1.406410e+00 4.846634e-03 -2.762533e-02 -9.996066e-01 -9.514807e-01 -9.999300e-01 -1.092584e-02 -4.546253e-03 6.443539e+01
-7.337600e-03 9.996111e-01 -2.690492e-02 -1.441501e+00 5.674060e-03 -2.686359e-02 -9.996230e-01 -9.689826e-01 -9.999570e-01 -7.487494e-03 -5.474739e-03 6.550430e+01
-2.953726e-04 9.996771e-01 -2.540890e-02 -1.465845e+00 2.141816e-03 -2.540821e-02 -9.996749e-01 -9.764407e-01 -9.999977e-01 -3.496980e-04 -2.133620e-03 6.659207e+01
-2.521379e-03 9.996810e-01 -2.513173e-02 -1.490395e+00 1.885089e-04 -2.513133e-02 -9.996842e-01 -9.940976e-01 -9.999968e-01 -2.525320e-03 -1.250827e-04 6.770929e+01
3.051386e-04 9.996606e-01 -2.605076e-02 -1.530054e+00 -4.919971e-04 -2.605061e-02 -9.996605e-01 -1.010667e+00 -9.999999e-01 3.178517e-04 4.838814e-04 6.883600e+01
-1.243720e-03 9.996700e-01 -2.565796e-02 -1.559248e+00 -1.548123e-03 -2.565987e-02 -9.996696e-01 -1.022138e+00 -9.999981e-01 -1.203587e-03 1.579526e-03 6.995352e+01
-3.028624e-03 9.996789e-01 -2.515741e-02 -1.588618e+00 -3.238234e-03 -2.516720e-02 -9.996781e-01 -1.038647e+00 -9.999902e-01 -2.946184e-03 3.313417e-03 7.108846e+01
-4.505258e-03 9.996679e-01 -2.537101e-02 -1.621023e+00 -5.320379e-03 -2.539487e-02 -9.996634e-01 -1.050161e+00 -9.999757e-01 -4.368758e-03 5.433023e-03 7.220302e+01
-5.776172e-03 9.996454e-01 -2.599469e-02 -1.649320e+00 -6.842705e-03 -2.603403e-02 -9.996377e-01 -1.059204e+00 -9.999599e-01 -5.596205e-03 6.990655e-03 7.330741e+01
-7.403357e-03 9.996137e-01 -2.678742e-02 -1.670489e+00 -6.313980e-03 -2.683435e-02 -9.996200e-01 -1.071497e+00 -9.999527e-01 -7.231409e-03 6.510205e-03 7.438001e+01
-7.422071e-03 9.995924e-01 -2.756556e-02 -1.693361e+00 -2.661879e-03 -2.758597e-02 -9.996159e-01 -1.084778e+00 -9.999689e-01 -7.345844e-03 2.865539e-03 7.542746e+01
-6.483624e-03 9.995894e-01 -2.791000e-02 -1.733147e+00 -9.805581e-04 -2.791693e-02 -9.996098e-01 -1.098955e+00 -9.999785e-01 -6.453727e-03 1.161159e-03 7.648866e+01
-4.468827e-03 9.995823e-01 -2.855394e-02 -1.769591e+00 -2.775729e-03 -2.856651e-02 -9.995881e-01 -1.112980e+00 -9.999862e-01 -4.387729e-03 2.902229e-03 7.754175e+01
-2.946342e-03 9.995788e-01 -2.887063e-02 -1.805873e+00 -6.631047e-03 -2.888965e-02 -9.995607e-01 -1.124809e+00 -9.999737e-01 -2.753605e-03 6.713373e-03 7.860620e+01
-1.672027e-03 9.995761e-01 -2.906479e-02 -1.828469e+00 -1.065955e-02 -2.908099e-02 -9.995203e-01 -1.131366e+00 -9.999418e-01 -1.361408e-03 1.070365e-02 7.968501e+01
-2.294593e-03 9.995596e-01 -2.958717e-02 -1.849683e+00 -1.194508e-02 -2.961253e-02 -9.994901e-01 -1.135559e+00 -9.999261e-01 -1.940002e-03 1.200776e-02 8.077722e+01
-2.352266e-03 9.995253e-01 -3.071933e-02 -1.877909e+00 -1.007291e-02 -3.074155e-02 -9.994767e-01 -1.140177e+00 -9.999465e-01 -2.041602e-03 1.014044e-02 8.186470e+01
-2.205105e-03 9.994879e-01 -3.192163e-02 -1.907634e+00 -9.330777e-03 -3.194089e-02 -9.994462e-01 -1.146956e+00 -9.999541e-01 -1.906030e-03 9.396433e-03 8.294078e+01
-2.324022e-03 9.994832e-01 -3.206059e-02 -1.942787e+00 -9.495864e-03 -3.208129e-02 -9.994402e-01 -1.152333e+00 -9.999522e-01 -2.018278e-03 9.565515e-03 8.399192e+01
-3.552720e-03 9.994866e-01 -3.184322e-02 -1.957300e+00 -9.967172e-03 -3.187723e-02 -9.994421e-01 -1.165110e+00 -9.999441e-01 -3.233351e-03 1.007531e-02 8.502486e+01
-4.456068e-03 9.994802e-01 -3.192830e-02 -1.982120e+00 -1.146502e-02 -3.197759e-02 -9.994229e-01 -1.173044e+00 -9.999244e-01 -4.087438e-03 1.160156e-02 8.606130e+01
-5.160512e-03 9.994483e-01 -3.281085e-02 -2.011606e+00 -1.409790e-02 -3.288074e-02 -9.993599e-01 -1.180659e+00 -9.998873e-01 -4.694645e-03 1.425980e-02 8.708086e+01
-6.162151e-03 9.993927e-01 -3.429728e-02 -2.042648e+00 -1.543380e-02 -3.438890e-02 -9.992894e-01 -1.186579e+00 -9.998619e-01 -5.628435e-03 1.563634e-02 8.805716e+01
-7.427104e-03 9.993364e-01 -3.566038e-02 -2.057147e+00 -1.580747e-02 -3.577424e-02 -9.992349e-01 -1.191616e+00 -9.998475e-01 -6.857722e-03 1.606268e-02 8.901045e+01
-8.357415e-03 9.992414e-01 -3.803676e-02 -2.083093e+00 -1.530801e-02 -3.816148e-02 -9.991544e-01 -1.198724e+00 -9.998479e-01 -7.768081e-03 1.561533e-02 8.994327e+01
-8.741945e-03 9.990914e-01 -4.171143e-02 -2.118921e+00 -1.472094e-02 -4.183709e-02 -9.990160e-01 -1.203075e+00 -9.998535e-01 -8.119312e-03 1.507331e-02 9.086449e+01
-8.801239e-03 9.989370e-01 -4.524848e-02 -2.159026e+00 -1.481215e-02 -4.537551e-02 -9.988602e-01 -1.208917e+00 -9.998516e-01 -8.120980e-03 1.519576e-02 9.176285e+01
-8.033280e-03 9.988072e-01 -4.816207e-02 -2.191789e+00 -1.591626e-02 -4.828524e-02 -9.987068e-01 -1.214106e+00 -9.998411e-01 -7.256331e-03 1.628517e-02 9.262525e+01
-7.212680e-03 9.986708e-01 -5.103568e-02 -2.221670e+00 -1.729440e-02 -5.115396e-02 -9.985411e-01 -1.218783e+00 -9.998245e-01 -6.319525e-03 1.764037e-02 9.346235e+01
-6.359162e-03 9.985398e-01 -5.364611e-02 -2.252607e+00 -1.865878e-02 -5.375634e-02 -9.983798e-01 -1.222263e+00 -9.998057e-01 -5.347888e-03 1.897338e-02 9.426610e+01
-5.077739e-03 9.984495e-01 -5.543365e-02 -2.283612e+00 -1.983886e-02 -5.552404e-02 -9.982603e-01 -1.223119e+00 -9.997903e-01 -3.969165e-03 2.009003e-02 9.503714e+01
-3.227213e-03 9.983393e-01 -5.751650e-02 -2.313490e+00 -2.053109e-02 -5.757083e-02 -9.981303e-01 -1.226376e+00 -9.997840e-01 -2.040303e-03 2.068279e-02 9.580435e+01
-2.021357e-03 9.981495e-01 -6.077384e-02 -2.358948e+00 -1.983633e-02 -6.080203e-02 -9.979528e-01 -1.231128e+00 -9.998012e-01 -8.116896e-04 1.992252e-02 9.656946e+01
-6.231905e-04 9.979581e-01 -6.386954e-02 -2.406042e+00 -1.663756e-02 -6.387106e-02 -9.978195e-01 -1.235571e+00 -9.998614e-01 4.408013e-04 1.664339e-02 9.730558e+01
1.121383e-03 9.977919e-01 -6.640822e-02 -2.477858e+00 -1.304968e-02 -6.638801e-02 -9.977086e-01 -1.239457e+00 -9.999143e-01 1.985419e-03 1.294642e-02 9.799244e+01
3.441188e-03 9.976437e-01 -6.852094e-02 -2.529221e+00 -1.036912e-02 -6.848207e-02 -9.975985e-01 -1.241547e+00 -9.999404e-01 4.143425e-03 1.010902e-02 9.863678e+01
5.802122e-03 9.975716e-01 -6.940609e-02 -2.571937e+00 -9.447734e-03 -6.934948e-02 -9.975477e-01 -1.249151e+00 -9.999386e-01 6.443624e-03 9.022418e-03 9.924561e+01
8.054651e-03 9.976156e-01 -6.854350e-02 -2.616870e+00 -9.714163e-03 -6.846443e-02 -9.976063e-01 -1.256238e+00 -9.999204e-01 8.701214e-03 9.139544e-03 9.981872e+01
1.121237e-02 9.977938e-01 -6.543593e-02 -2.675286e+00 -1.135125e-02 -6.530882e-02 -9.978006e-01 -1.261838e+00 -9.998727e-01 1.193049e-02 1.059394e-02 1.003773e+02
1.360225e-02 9.981022e-01 -6.005755e-02 -2.722960e+00 -1.278361e-02 -5.988461e-02 -9.981235e-01 -1.264874e+00 -9.998258e-01 1.434447e-02 1.194479e-02 1.009101e+02
1.457697e-02 9.985164e-01 -5.246419e-02 -2.767299e+00 -1.485884e-02 -5.224765e-02 -9.985237e-01 -1.267254e+00 -9.997834e-01 1.533500e-02 1.407518e-02 1.014324e+02
1.457572e-02 9.989422e-01 -4.361280e-02 -2.796510e+00 -1.754583e-02 -4.335520e-02 -9.989057e-01 -1.268541e+00 -9.997398e-01 1.532499e-02 1.689534e-02 1.019513e+02
1.458663e-02 9.993719e-01 -3.229522e-02 -2.800384e+00 -1.887769e-02 -3.201765e-02 -9.993091e-01 -1.272914e+00 -9.997154e-01 1.518621e-02 1.839881e-02 1.024409e+02
1.357981e-02 9.997403e-01 -1.829852e-02 -2.797985e+00 -1.904224e-02 -1.803831e-02 -9.996560e-01 -1.274695e+00 -9.997265e-01 1.392358e-02 1.879234e-02 1.028949e+02
1.316395e-02 9.999070e-01 -3.575000e-03 -2.796623e+00 -1.864836e-02 -3.329182e-03 -9.998206e-01 -1.277984e+00 -9.997395e-01 1.322826e-02 1.860280e-02 1.033231e+02
1.220402e-02 9.998389e-01 1.316022e-02 -2.795923e+00 -1.630441e-02 1.335843e-02 -9.997779e-01 -1.283208e+00 -9.997926e-01 1.198674e-02 1.646481e-02 1.037406e+02
1.144487e-02 9.993666e-01 3.369544e-02 -2.770175e+00 -1.205316e-02 3.383308e-02 -9.993549e-01 -1.282764e+00 -9.998619e-01 1.103135e-02 1.243274e-02 1.041348e+02
9.910106e-03 9.983159e-01 5.715876e-02 -2.737331e+00 -7.860746e-03 5.723758e-02 -9.983297e-01 -1.283562e+00 -9.999200e-01 9.444242e-03 8.414739e-03 1.045153e+02
8.394824e-03 9.964865e-01 8.333110e-02 -2.691937e+00 -5.496097e-03 8.337876e-02 -9.965028e-01 -1.286416e+00 -9.999497e-01 7.907469e-03 6.176738e-03 1.048957e+02
6.443081e-03 9.936109e-01 1.126756e-01 -2.622271e+00 -4.570760e-03 1.127060e-01 -9.936179e-01 -1.289507e+00 -9.999688e-01 5.886947e-03 5.267731e-03 1.052810e+02
4.149305e-03 9.896191e-01 1.436553e-01 -2.557733e+00 -3.225093e-03 1.436690e-01 -9.896206e-01 -1.292597e+00 -9.999862e-01 3.642935e-03 3.787740e-03 1.056717e+02
2.517590e-03 9.841400e-01 1.773755e-01 -2.471756e+00 -1.992470e-03 1.773807e-01 -9.841403e-01 -1.297507e+00 -9.999949e-01 2.124246e-03 2.407441e-03 1.060391e+02
-5.095293e-04 9.769565e-01 2.134378e-01 -2.367613e+00 -1.746377e-03 2.134366e-01 -9.769554e-01 -1.303160e+00 -9.999984e-01 -8.705305e-04 1.597382e-03 1.063887e+02
-2.703816e-03 9.676338e-01 2.523440e-01 -2.242657e+00 -1.654024e-03 2.523403e-01 -9.676372e-01 -1.313329e+00 -9.999950e-01 -3.033697e-03 9.182076e-04 1.067195e+02
-2.248340e-03 9.559226e-01 2.936100e-01 -2.122809e+00 -1.305699e-03 2.936077e-01 -9.559251e-01 -1.325334e+00 -9.999967e-01 -2.532611e-03 5.880175e-04 1.070483e+02
2.158354e-04 9.415903e-01 3.367604e-01 -1.981956e+00 -1.134449e-03 3.367604e-01 -9.415897e-01 -1.327592e+00 -9.999994e-01 -1.788093e-04 1.140871e-03 1.073638e+02
1.280389e-03 9.247103e-01 3.806694e-01 -1.835268e+00 -2.350807e-03 3.806715e-01 -9.247074e-01 -1.333627e+00 -9.999965e-01 2.891050e-04 2.661223e-03 1.076855e+02
1.282673e-03 9.049374e-01 4.255427e-01 -1.663952e+00 -3.267305e-03 4.255446e-01 -9.049316e-01 -1.330009e+00 -9.999939e-01 -2.296464e-04 3.502542e-03 1.080078e+02
-2.908054e-04 8.832214e-01 4.689560e-01 -1.482196e+00 -3.294990e-03 4.689527e-01 -8.832172e-01 -1.334330e+00 -9.999946e-01 -1.802050e-03 2.773832e-03 1.083121e+02
-8.360541e-04 8.587963e-01 5.123165e-01 -1.298350e+00 -1.556888e-03 5.123150e-01 -8.587963e-01 -1.342403e+00 -9.999985e-01 -1.515620e-03 9.087269e-04 1.086009e+02
-8.088172e-04 8.319318e-01 5.548772e-01 -1.089032e+00 1.380660e-03 5.548778e-01 -8.319307e-01 -1.349589e+00 -9.999988e-01 9.321652e-05 -1.597410e-03 1.088694e+02
1.208348e-03 8.030322e-01 5.959344e-01 -8.720900e-01 5.095458e-03 5.959222e-01 -8.030261e-01 -1.355458e+00 -9.999863e-01 4.006893e-03 -3.371736e-03 1.091332e+02
5.334648e-03 7.706943e-01 6.371828e-01 -6.390335e-01 8.565213e-03 6.371333e-01 -7.707061e-01 -1.360213e+00 -9.999491e-01 9.569051e-03 -3.202278e-03 1.093865e+02
9.154093e-03 7.343012e-01 6.787620e-01 -4.015093e-01 1.185430e-02 6.786631e-01 -7.343541e-01 -1.354949e+00 -9.998879e-01 1.476859e-02 -2.492080e-03 1.096178e+02
8.942030e-03 6.956060e-01 7.183678e-01 -1.244089e-01 1.294524e-02 7.182558e-01 -6.956587e-01 -1.355175e+00 -9.998763e-01 1.552004e-02 -2.582119e-03 1.098325e+02
6.928123e-03 6.553018e-01 7.553354e-01 1.804148e-01 1.181123e-02 7.552472e-01 -6.553336e-01 -1.366238e+00 -9.999063e-01 1.346167e-02 -2.507474e-03 1.100474e+02
6.747441e-03 6.124596e-01 7.904731e-01 4.843770e-01 9.581992e-03 7.904152e-01 -6.124966e-01 -1.373031e+00 -9.999314e-01 1.170709e-02 -5.353022e-04 1.102491e+02
7.161425e-03 5.670298e-01 8.236662e-01 7.800715e-01 7.433836e-03 8.236344e-01 -5.670725e-01 -1.381847e+00 -9.999468e-01 1.018405e-02 1.683189e-03 1.104395e+02
7.443892e-03 5.198123e-01 8.542480e-01 1.107257e+00 5.233913e-03 8.542398e-01 -5.198529e-01 -1.382086e+00 -9.999586e-01 8.340789e-03 3.638216e-03 1.106211e+02
6.075429e-03 4.707590e-01 8.822409e-01 1.461887e+00 1.270299e-03 8.822529e-01 -4.707742e-01 -1.402306e+00 -9.999808e-01 3.980864e-03 4.762061e-03 1.107724e+02
8.041486e-03 4.200998e-01 9.074423e-01 1.835661e+00 2.368581e-04 9.074708e-01 -4.201152e-01 -1.411123e+00 -9.999677e-01 3.593285e-03 7.197910e-03 1.109113e+02
1.068640e-02 3.685078e-01 9.295632e-01 2.218042e+00 3.755371e-03 9.295950e-01 -3.685635e-01 -1.420250e+00 -9.999359e-01 7.429471e-03 8.550137e-03 1.110437e+02
1.314768e-02 3.185984e-01 9.477986e-01 2.607895e+00 8.823808e-03 9.478067e-01 -3.187236e-01 -1.416234e+00 -9.998747e-01 1.255367e-02 9.650210e-03 1.111655e+02
1.292681e-02 2.709035e-01 9.625197e-01 3.012210e+00 1.188345e-02 9.624906e-01 -2.710549e-01 -1.414211e+00 -9.998459e-01 1.494193e-02 9.222664e-03 1.112683e+02
7.411877e-03 2.284916e-01 9.735177e-01 3.426668e+00 1.354863e-02 9.734321e-01 -2.285747e-01 -1.415303e+00 -9.998808e-01 1.488400e-02 4.119209e-03 1.113651e+02
5.320653e-04 1.924162e-01 9.813132e-01 3.860735e+00 1.464756e-02 9.812067e-01 -1.924033e-01 -1.421172e+00 -9.998926e-01 1.447621e-02 -2.296362e-03 1.114506e+02
-2.603801e-03 1.602891e-01 9.870667e-01 4.300502e+00 1.562496e-02 9.869561e-01 -1.602300e-01 -1.434452e+00 -9.998746e-01 1.500567e-02 -5.074349e-03 1.115267e+02
7.667384e-04 1.320626e-01 9.912411e-01 4.760313e+00 1.371185e-02 9.911468e-01 -1.320606e-01 -1.452661e+00 -9.999057e-01 1.369301e-02 -1.050872e-03 1.116038e+02
7.508697e-03 1.061445e-01 9.943224e-01 5.272668e+00 9.925697e-03 9.942935e-01 -1.062164e-01 -1.464393e+00 -9.999226e-01 1.066689e-02 6.412291e-03 1.116626e+02
1.220245e-02 8.167198e-02 9.965846e-01 5.800088e+00 6.527249e-03 9.966311e-01 -8.175571e-02 -1.465172e+00 -9.999043e-01 7.502575e-03 1.162824e-02 1.117160e+02
8.375242e-03 5.875444e-02 9.982373e-01 6.329967e+00 4.705744e-03 9.982590e-01 -5.879520e-02 -1.467365e+00 -9.999539e-01 5.189873e-03 8.084177e-03 1.117465e+02
9.604696e-04 3.776816e-02 9.992861e-01 6.858650e+00 5.252063e-03 9.992726e-01 -3.777270e-02 -1.473050e+00 -9.999858e-01 5.284592e-03 7.614101e-04 1.117576e+02
-4.643381e-03 1.950922e-02 9.997989e-01 7.407460e+00 7.382101e-03 9.997831e-01 -1.947463e-02 -1.488274e+00 -9.999620e-01 7.290188e-03 -4.786393e-03 1.117548e+02
-6.639939e-03 5.281124e-03 9.999640e-01 7.962845e+00 1.157855e-02 9.999195e-01 -5.204005e-03 -1.493591e+00 -9.999110e-01 1.154358e-02 -6.700552e-03 1.117626e+02
-3.356353e-03 -6.904219e-03 9.999705e-01 8.545865e+00 1.541643e-02 9.998570e-01 6.955180e-03 -1.491784e+00 -9.998756e-01 1.543932e-02 -3.249435e-03 1.117840e+02
-2.935881e-03 -1.508019e-02 9.998820e-01 9.155475e+00 1.615008e-02 9.997552e-01 1.512570e-02 -1.488632e+00 -9.998653e-01 1.619258e-02 -2.691617e-03 1.118057e+02
-7.285617e-03 -1.901051e-02 9.997927e-01 9.800519e+00 1.321029e-02 9.997302e-01 1.910559e-02 -1.504362e+00 -9.998862e-01 1.334675e-02 -7.032517e-03 1.118120e+02
-1.069234e-02 -1.918290e-02 9.997588e-01 1.045213e+01 1.119466e-02 9.997511e-01 1.930248e-02 -1.517875e+00 -9.998802e-01 1.139835e-02 -1.047493e-02 1.118064e+02
-1.027406e-02 -1.724450e-02 9.997985e-01 1.112906e+01 1.067191e-02 9.997925e-01 1.735406e-02 -1.538919e+00 -9.998903e-01 1.084805e-02 -1.008790e-02 1.117955e+02
-7.398910e-03 -1.487162e-02 9.998620e-01 1.181524e+01 1.092524e-02 9.998286e-01 1.495197e-02 -1.544534e+00 -9.999130e-01 1.103436e-02 -7.235165e-03 1.117815e+02
-6.444868e-03 -1.334271e-02 9.998902e-01 1.250596e+01 1.185184e-02 9.998398e-01 1.341843e-02 -1.554462e+00 -9.999090e-01 1.193701e-02 -6.285700e-03 1.117517e+02
-5.931403e-03 -1.201095e-02 9.999103e-01 1.324802e+01 1.254877e-02 9.998483e-01 1.208464e-02 -1.563736e+00 -9.999037e-01 1.261932e-02 -5.779781e-03 1.117359e+02
-4.790622e-03 -1.104854e-02 9.999275e-01 1.401178e+01 1.205129e-02 9.998658e-01 1.110560e-02 -1.577649e+00 -9.999159e-01 1.210361e-02 -4.656830e-03 1.117194e+02
-4.007382e-03 -1.055587e-02 9.999362e-01 1.478925e+01 1.079627e-02 9.998856e-01 1.059860e-02 -1.587356e+00 -9.999337e-01 1.083806e-02 -3.892960e-03 1.117059e+02
-4.462170e-03 -1.007512e-02 9.999393e-01 1.556992e+01 9.449342e-03 9.999042e-01 1.011693e-02 -1.598872e+00 -9.999454e-01 9.493911e-03 -4.366540e-03 1.116977e+02
-3.872854e-03 -1.055485e-02 9.999368e-01 1.635911e+01 7.386756e-03 9.999168e-01 1.058325e-02 -1.617422e+00 -9.999653e-01 7.427277e-03 -3.794566e-03 1.116933e+02
-3.721586e-03 -1.140337e-02 9.999280e-01 1.715844e+01 5.898699e-03 9.999174e-01 1.142521e-02 -1.627410e+00 -9.999757e-01 5.940794e-03 -3.654014e-03 1.116795e+02
-4.948331e-04 -1.302187e-02 9.999151e-01 1.796357e+01 4.958499e-03 9.999029e-01 1.302417e-02 -1.638387e+00 -9.999876e-01 4.964522e-03 -4.302164e-04 1.116806e+02
-2.463207e-03 -1.486265e-02 9.998865e-01 1.879252e+01 2.555347e-03 9.998862e-01 1.486894e-02 -1.645170e+00 -9.999937e-01 2.591682e-03 -2.424947e-03 1.116715e+02
-2.955568e-03 -1.613367e-02 9.998655e-01 1.965251e+01 2.696375e-04 9.998698e-01 1.613454e-02 -1.661430e+00 -9.999956e-01 3.172876e-04 -2.950833e-03 1.116629e+02
-2.095329e-03 -1.745404e-02 9.998455e-01 2.051297e+01 -1.336663e-04 9.998477e-01 1.745380e-02 -1.670270e+00 -9.999978e-01 -9.707452e-05 -2.097343e-03 1.116309e+02
-7.206357e-04 -1.755912e-02 9.998456e-01 2.136637e+01 3.542874e-03 9.998395e-01 1.756157e-02 -1.680948e+00 -9.999935e-01 3.554982e-03 -6.583105e-04 1.116127e+02
-1.122916e-03 -1.846242e-02 9.998289e-01 2.221533e+01 7.896519e-03 9.997983e-01 1.847072e-02 -1.680998e+00 -9.999682e-01 7.915909e-03 -9.769004e-04 1.115869e+02
-1.428488e-03 -1.942871e-02 9.998102e-01 2.308401e+01 9.577893e-03 9.997652e-01 1.944152e-02 -1.699933e+00 -9.999531e-01 9.603847e-03 -1.242067e-03 1.115695e+02
2.287476e-03 -2.164074e-02 9.997632e-01 2.395378e+01 7.273126e-03 9.997398e-01 2.162359e-02 -1.713314e+00 -9.999710e-01 7.221940e-03 2.444276e-03 1.115564e+02
5.130762e-03 -2.297468e-02 9.997229e-01 2.483639e+01 3.762385e-03 9.997295e-01 2.295552e-02 -1.725839e+00 -9.999798e-01 3.643563e-03 5.215813e-03 1.115485e+02
7.015055e-03 -2.391285e-02 9.996894e-01 2.572768e+01 -1.292265e-03 9.997130e-01 2.392249e-02 -1.736947e+00 -9.999746e-01 -1.459681e-03 6.982140e-03 1.115379e+02
1.050952e-02 -2.386902e-02 9.996598e-01 2.661840e+01 -6.516212e-03 9.996922e-01 2.393830e-02 -1.742358e+00 -9.999236e-01 -6.765576e-03 1.035075e-02 1.115181e+02
1.221167e-02 -2.300594e-02 9.996607e-01 2.750233e+01 -8.129887e-03 9.997000e-01 2.310616e-02 -1.750514e+00 -9.998924e-01 -8.409294e-03 1.202097e-02 1.114937e+02
9.503673e-03 -2.191567e-02 9.997146e-01 2.836998e+01 -2.685478e-03 9.997557e-01 2.194210e-02 -1.762120e+00 -9.999513e-01 -2.893243e-03 9.442497e-03 1.114585e+02
6.591251e-03 -2.059445e-02 9.997662e-01 2.923406e+01 6.939944e-03 9.997648e-01 2.054867e-02 -1.769431e+00 -9.999542e-01 6.802879e-03 6.732625e-03 1.114240e+02
5.372675e-03 -2.019479e-02 9.997816e-01 3.009790e+01 1.187231e-02 9.997269e-01 2.012989e-02 -1.776925e+00 -9.999151e-01 1.176156e-02 5.610967e-03 1.114072e+02
4.829543e-03 -1.977910e-02 9.997927e-01 3.097345e+01 7.213008e-03 9.997791e-01 1.974399e-02 -1.793626e+00 -9.999624e-01 7.116158e-03 4.971143e-03 1.113927e+02
1.815001e-03 -1.892321e-02 9.998193e-01 3.184266e+01 4.233475e-04 9.998209e-01 1.892247e-02 -1.803069e+00 -9.999983e-01 3.889263e-04 1.822687e-03 1.113772e+02
-6.992504e-05 -1.808378e-02 9.998365e-01 3.269082e+01 -2.736532e-03 9.998328e-01 1.808352e-02 -1.817680e+00 -9.999963e-01 -2.734821e-03 -1.194004e-04 1.113489e+02
4.205714e-04 -1.795613e-02 9.998387e-01 3.352529e+01 -2.593275e-03 9.998354e-01 1.795716e-02 -1.831033e+00 -9.999966e-01 -2.600409e-03 3.739368e-04 1.113334e+02
2.993680e-03 -1.854153e-02 9.998236e-01 3.431921e+01 -1.756450e-03 9.998265e-01 1.854685e-02 -1.841828e+00 -9.999940e-01 -1.811664e-03 2.960593e-03 1.113255e+02
4.837345e-03 -2.027908e-02 9.997826e-01 3.513079e+01 -1.577948e-03 9.997930e-01 2.028693e-02 -1.849086e+00 -9.999871e-01 -1.675740e-03 4.804344e-03 1.113074e+02
5.476956e-03 -2.266844e-02 9.997280e-01 3.593097e+01 -1.808661e-03 9.997412e-01 2.267865e-02 -1.854289e+00 -9.999834e-01 -1.932379e-03 5.434539e-03 1.112841e+02
5.685088e-03 -2.432696e-02 9.996879e-01 3.675575e+01 -1.171617e-03 9.997032e-01 2.433400e-02 -1.864890e+00 -9.999832e-01 -1.309592e-03 5.654898e-03 1.112704e+02
7.287575e-03 -2.623911e-02 9.996291e-01 3.757975e+01 -1.180744e-03 9.996548e-01 2.624839e-02 -1.871394e+00 -9.999728e-01 -1.371594e-03 7.254077e-03 1.112526e+02
9.163219e-03 -2.803073e-02 9.995651e-01 3.838734e+01 -2.200340e-03 9.996041e-01 2.805200e-02 -1.878224e+00 -9.999556e-01 -2.456430e-03 9.097913e-03 1.112372e+02
9.089283e-03 -2.940213e-02 9.995263e-01 3.919920e+01 -3.137918e-03 9.995619e-01 2.943171e-02 -1.887165e+00 -9.999538e-01 -3.403945e-03 8.993039e-03 1.112075e+02
9.237953e-03 -3.149641e-02 9.994612e-01 4.000681e+01 -3.160750e-03 9.994980e-01 3.152679e-02 -1.894563e+00 -9.999524e-01 -3.450290e-03 9.133763e-03 1.111829e+02
9.117792e-03 -3.334343e-02 9.994024e-01 4.078957e+01 -2.349505e-03 9.994405e-01 3.336614e-02 -1.903947e+00 -9.999557e-01 -2.652326e-03 9.034349e-03 1.111556e+02
9.417399e-03 -3.526586e-02 9.993336e-01 4.156184e+01 -2.314948e-03 9.993745e-01 3.528912e-02 -1.906615e+00 -9.999530e-01 -2.645738e-03 9.329869e-03 1.111181e+02
8.123429e-03 -3.675443e-02 9.992913e-01 4.233741e+01 -3.511959e-03 9.993171e-01 3.678393e-02 -1.912973e+00 -9.999609e-01 -3.808282e-03 7.988801e-03 1.110925e+02
7.798524e-03 -3.832536e-02 9.992349e-01 4.311506e+01 -4.380388e-03 9.992544e-01 3.836030e-02 -1.920278e+00 -9.999600e-01 -4.676191e-03 7.624830e-03 1.110634e+02
8.957524e-03 -3.942720e-02 9.991823e-01 4.388128e+01 -4.695902e-03 9.992097e-01 3.947039e-02 -1.927477e+00 -9.999489e-01 -5.045619e-03 8.765299e-03 1.110392e+02
1.066183e-02 -4.059988e-02 9.991186e-01 4.464006e+01 -5.566896e-03 9.991575e-01 4.066086e-02 -1.932367e+00 -9.999277e-01 -5.995509e-03 1.042683e-02 1.110053e+02
1.183709e-02 -4.110660e-02 9.990846e-01 4.537823e+01 -7.014036e-03 9.991267e-01 4.119143e-02 -1.937248e+00 -9.999054e-01 -7.495203e-03 1.153843e-02 1.109831e+02
1.173072e-02 -4.207953e-02 9.990454e-01 4.608679e+01 -7.074864e-03 9.990857e-01 4.216430e-02 -1.939222e+00 -9.999062e-01 -7.562728e-03 1.142229e-02 1.109498e+02
1.090700e-02 -4.250980e-02 9.990365e-01 4.678229e+01 -4.747385e-03 9.990825e-01 4.256359e-02 -1.951175e+00 -9.999293e-01 -5.207052e-03 1.069518e-02 1.109211e+02
1.102818e-02 -4.317461e-02 9.990067e-01 4.749901e+01 -2.553086e-03 9.990630e-01 4.320523e-02 -1.961222e+00 -9.999360e-01 -3.027025e-03 1.090762e-02 1.108854e+02
1.246707e-02 -4.326819e-02 9.989857e-01 4.822003e+01 -1.285949e-03 9.990619e-01 4.328753e-02 -1.966954e+00 -9.999215e-01 -1.824314e-03 1.239973e-02 1.108521e+02
1.259076e-02 -4.333282e-02 9.989813e-01 4.891758e+01 -7.834357e-04 9.990599e-01 4.334610e-02 -1.972472e+00 -9.999205e-01 -1.328398e-03 1.254497e-02 1.108295e+02
1.167411e-02 -4.395281e-02 9.989654e-01 4.961417e+01 -6.906407e-04 9.990329e-01 4.396385e-02 -1.976930e+00 -9.999317e-01 -1.203165e-03 1.163246e-02 1.107829e+02
1.183156e-02 -4.354444e-02 9.989814e-01 5.030760e+01 -1.228220e-03 9.990500e-01 4.356198e-02 -1.988562e+00 -9.999293e-01 -1.742375e-03 1.176684e-02 1.107575e+02
1.429308e-02 -4.399847e-02 9.989293e-01 5.099095e+01 -1.030590e-03 9.990303e-01 4.401766e-02 -1.995707e+00 -9.998974e-01 -1.658635e-03 1.423388e-02 1.107361e+02
1.667571e-02 -4.388940e-02 9.988972e-01 5.166836e+01 -1.141154e-03 9.990347e-01 4.391449e-02 -2.001084e+00 -9.998603e-01 -1.872201e-03 1.660953e-02 1.107107e+02
1.602264e-02 -4.379241e-02 9.989122e-01 5.236548e+01 -2.132860e-03 9.990367e-01 4.383208e-02 -2.004529e+00 -9.998694e-01 -2.832846e-03 1.591380e-02 1.106824e+02
1.587233e-02 -4.523123e-02 9.988504e-01 5.304199e+01 -3.061707e-03 9.989694e-01 4.528527e-02 -2.012175e+00 -9.998694e-01 -3.776971e-03 1.571748e-02 1.106417e+02
2.014885e-02 -4.898182e-02 9.985964e-01 5.371351e+01 -3.826126e-03 9.987881e-01 4.906842e-02 -2.021837e+00 -9.997897e-01 -4.809428e-03 1.993702e-02 1.106144e+02
2.149910e-02 -5.305665e-02 9.983600e-01 5.438612e+01 -2.969110e-03 9.985831e-01 5.313244e-02 -2.022749e+00 -9.997645e-01 -4.106540e-03 2.131110e-02 1.105931e+02
1.754064e-02 -5.968892e-02 9.980629e-01 5.504728e+01 -4.025121e-04 9.982160e-01 5.970516e-02 -2.033104e+00 -9.998461e-01 -1.449000e-03 1.748532e-02 1.105329e+02
1.561538e-02 -6.684169e-02 9.976414e-01 5.568914e+01 2.258875e-03 9.977629e-01 6.681447e-02 -2.034918e+00 -9.998756e-01 1.210214e-03 1.573143e-02 1.104787e+02
1.890965e-02 -7.459147e-02 9.970349e-01 5.634473e+01 3.151973e-03 9.972127e-01 7.454500e-02 -2.046214e+00 -9.998163e-01 1.733007e-03 1.909205e-02 1.104352e+02
2.132340e-02 -8.073896e-02 9.965072e-01 5.699614e+01 2.881536e-03 9.967347e-01 8.069574e-02 -2.055921e+00 -9.997685e-01 1.150764e-03 2.148642e-02 1.103963e+02
2.215139e-02 -8.668130e-02 9.959898e-01 5.767098e+01 1.982428e-03 9.962361e-01 8.665865e-02 -2.058238e+00 -9.997527e-01 5.486750e-05 2.223986e-02 1.103210e+02
2.284515e-02 -9.099171e-02 9.955896e-01 5.835085e+01 2.489379e-03 9.958516e-01 9.095854e-02 -2.070466e+00 -9.997360e-01 4.004375e-04 2.297690e-02 1.102698e+02
2.448119e-02 -9.434260e-02 9.952387e-01 5.906450e+01 1.945743e-03 9.955398e-01 9.432327e-02 -2.073589e+00 -9.996984e-01 -3.726672e-04 2.455556e-02 1.102074e+02
2.482192e-02 -9.643318e-02 9.950299e-01 5.979053e+01 -6.053799e-04 9.953350e-01 9.647785e-02 -2.072677e+00 -9.996917e-01 -2.997136e-03 2.464774e-02 1.101472e+02
2.531340e-02 -9.802548e-02 9.948619e-01 6.052367e+01 -4.045311e-03 9.951627e-01 9.815805e-02 -2.078611e+00 -9.996714e-01 -6.509240e-03 2.479441e-02 1.100679e+02
2.547134e-02 -9.957736e-02 9.947037e-01 6.125478e+01 -6.350529e-03 9.949904e-01 9.976867e-02 -2.085238e+00 -9.996554e-01 -8.858138e-03 2.471137e-02 1.099929e+02
2.506383e-02 -1.006706e-01 9.946040e-01 6.198147e+01 -6.349782e-03 9.948805e-01 1.008586e-01 -2.083341e+00 -9.996657e-01 -8.843423e-03 2.429628e-02 1.099191e+02
2.059748e-02 -1.009695e-01 9.946763e-01 6.270892e+01 -3.082084e-03 9.948763e-01 1.010536e-01 -2.091320e+00 -9.997831e-01 -5.147126e-03 2.018075e-02 1.098457e+02
1.554962e-02 -1.018177e-01 9.946815e-01 6.345753e+01 5.325064e-04 9.948026e-01 1.018217e-01 -2.087293e+00 -9.998790e-01 -1.053616e-03 1.552302e-02 1.097427e+02
1.072299e-02 -1.025015e-01 9.946750e-01 6.420079e+01 3.455640e-03 9.947301e-01 1.024700e-01 -2.102026e+00 -9.999366e-01 2.338454e-03 1.102069e-02 1.096494e+02
9.823147e-03 -1.032191e-01 9.946101e-01 6.497217e+01 4.707842e-03 9.946519e-01 1.031769e-01 -2.111412e+00 -9.999407e-01 3.668945e-03 1.025655e-02 1.095777e+02
1.198301e-02 -1.036170e-01 9.945451e-01 6.574417e+01 1.857152e-03 9.946171e-01 1.036021e-01 -2.126794e+00 -9.999265e-01 6.055548e-04 1.211094e-02 1.095057e+02
1.195755e-02 -1.029861e-01 9.946109e-01 6.650562e+01 -2.493855e-03 9.946759e-01 1.030228e-01 -2.127929e+00 -9.999254e-01 -3.712316e-03 1.163706e-02 1.094366e+02
1.015500e-02 -1.030182e-01 9.946276e-01 6.726085e+01 -4.779050e-03 9.946626e-01 1.030707e-01 -2.130910e+00 -9.999371e-01 -5.800058e-03 9.608472e-03 1.093548e+02
9.622009e-03 -1.035947e-01 9.945730e-01 6.799466e+01 -5.172565e-03 9.946007e-01 1.036476e-01 -2.135152e+00 -9.999404e-01 -6.141792e-03 9.034206e-03 1.092948e+02
1.107987e-02 -1.047666e-01 9.944351e-01 6.873215e+01 -4.662594e-03 9.944800e-01 1.048233e-01 -2.142001e+00 -9.999278e-01 -5.798077e-03 1.053023e-02 1.092171e+02
1.149654e-02 -1.065834e-01 9.942373e-01 6.946293e+01 -3.902156e-03 9.942907e-01 1.066342e-01 -2.146026e+00 -9.999263e-01 -5.105594e-03 1.101500e-02 1.091400e+02
1.016466e-02 -1.089993e-01 9.939898e-01 7.022666e+01 -3.669652e-03 9.940305e-01 1.090413e-01 -2.152825e+00 -9.999416e-01 -4.755965e-03 9.703993e-03 1.090643e+02
9.828484e-03 -1.110192e-01 9.937697e-01 7.100468e+01 -3.681549e-03 9.938070e-01 1.110598e-01 -2.162091e+00 -9.999450e-01 -4.750162e-03 9.358893e-03 1.089785e+02
9.848148e-03 -1.130258e-01 9.935432e-01 7.179218e+01 -3.939740e-03 9.935794e-01 1.130689e-01 -2.167882e+00 -9.999438e-01 -5.027822e-03 9.339624e-03 1.088877e+02
1.054549e-02 -1.151537e-01 9.932917e-01 7.260446e+01 -3.423797e-03 9.933370e-01 1.151953e-01 -2.170784e+00 -9.999386e-01 -4.615621e-03 1.008097e-02 1.087994e+02
1.116160e-02 -1.164977e-01 9.931282e-01 7.338987e+01 -2.428410e-03 9.931841e-01 1.165315e-01 -2.178112e+00 -9.999348e-01 -3.712401e-03 1.080262e-02 1.087061e+02
1.162578e-02 -1.176027e-01 9.929927e-01 7.415262e+01 -1.687995e-03 9.930561e-01 1.176299e-01 -2.182361e+00 -9.999310e-01 -3.043707e-03 1.134654e-02 1.086193e+02
1.192216e-02 -1.187722e-01 9.928499e-01 7.490212e+01 -2.020508e-03 9.929157e-01 1.188044e-01 -2.189660e+00 -9.999269e-01 -3.422466e-03 1.159772e-02 1.085293e+02
1.225939e-02 -1.195274e-01 9.927552e-01 7.565394e+01 -3.576554e-03 9.928183e-01 1.195792e-01 -2.194494e+00 -9.999185e-01 -5.016612e-03 1.174385e-02 1.084427e+02
1.314066e-02 -1.201955e-01 9.926633e-01 7.643591e+01 -5.532420e-03 9.927251e-01 1.202762e-01 -2.197092e+00 -9.998984e-01 -7.072339e-03 1.238009e-02 1.083514e+02
1.541415e-02 -1.214348e-01 9.924797e-01 7.722124e+01 -6.924892e-03 9.925609e-01 1.215523e-01 -2.196087e+00 -9.998573e-01 -8.746440e-03 1.445856e-02 1.082621e+02
