-7.027555e-03 9.999753e-01 2.599616e-05 -7.137748e-03 2.254837e-03 4.184312e-05 -9.999975e-01 -7.482656e-02 -9.999728e-01 -7.027479e-03 -2.255075e-03 -3.336324e-01
-7.016780e-03 9.999747e-01 -1.183447e-03 -8.225259e-03 3.435444e-03 -1.159363e-03 -9.999935e-01 -9.204656e-02 -9.999695e-01 -7.020800e-03 -3.427222e-03 2.296856e-01
-7.874167e-03 9.999643e-01 -3.059626e-03 -7.119962e-03 4.752320e-03 -3.022264e-03 -9.999842e-01 -1.012378e-01 -9.999577e-01 -7.888583e-03 -4.728352e-03 7.944540e-01
-9.558581e-03 9.999420e-01 -4.963938e-03 -5.289909e-03 6.390228e-03 -4.902980e-03 -9.999676e-01 -1.100214e-01 -9.999339e-01 -9.589992e-03 -6.342992e-03 1.345464e+00
-1.206850e-02 9.999052e-01 -6.622326e-03 1.041040e-03 8.045736e-03 -6.525489e-03 -9.999464e-01 -1.236345e-01 -9.998948e-01 -1.212113e-02 -7.966220e-03 1.902925e+00
-1.311797e-02 9.998820e-01 -7.990796e-03 1.895971e-04 8.896051e-03 -7.874463e-03 -9.999295e-01 -1.372694e-01 -9.998744e-01 -1.318814e-02 -8.791704e-03 2.471675e+00
-1.327178e-02 9.998684e-01 -9.330297e-03 -3.413370e-04 8.527804e-03 -9.217596e-03 -9.999212e-01 -1.482907e-01 -9.998756e-01 -1.335030e-02 -8.404348e-03 3.050348e+00
-1.336730e-02 9.998534e-01 -1.070266e-02 1.495602e-03 8.808307e-03 -1.058546e-02 -9.999052e-01 -1.629491e-01 -9.998719e-01 -1.346030e-02 -8.665516e-03 3.641132e+00
-1.310325e-02 9.998471e-01 -1.158206e-02 -5.852563e-03 1.105078e-02 -1.143754e-02 -9.998736e-01 -1.812319e-01 -9.998531e-01 -1.322959e-02 -1.089922e-02 4.223470e+00
-1.185384e-02 9.998450e-01 -1.301559e-02 -1.435391e-02 1.443194e-02 -1.284408e-02 -9.998134e-01 -1.989541e-01 -9.998256e-01 -1.203947e-02 -1.427745e-02 4.826751e+00
-1.006072e-02 9.998464e-01 -1.434966e-02 -2.532055e-02 1.810364e-02 -1.416591e-02 -9.997358e-01 -2.122840e-01 -9.997855e-01 -1.031785e-02 -1.795834e-02 5.440579e+00
-8.138519e-03 9.998455e-01 -1.558109e-02 -3.622690e-02 1.824789e-02 -1.543052e-02 -9.997145e-01 -2.292497e-01 -9.998004e-01 -8.420518e-03 -1.811949e-02 6.055899e+00
-5.870281e-03 9.998439e-01 -1.666723e-02 -5.210589e-02 1.270552e-02 -1.659160e-02 -9.997817e-01 -2.363274e-01 -9.999021e-01 -6.080766e-03 -1.260613e-02 6.696174e+00
-4.877772e-03 9.998378e-01 -1.733646e-02 -6.123359e-02 2.704254e-03 -1.732342e-02 -9.998463e-01 -2.458732e-01 -9.999845e-01 -4.923905e-03 -2.619315e-03 7.359210e+00
-4.415406e-03 9.998231e-01 -1.828283e-02 -7.426638e-02 -4.383865e-03 -1.830218e-02 -9.998229e-01 -2.617694e-01 -9.999807e-01 -4.334475e-03 4.463901e-03 8.035681e+00
-3.142549e-03 9.998028e-01 -1.960924e-02 -8.095667e-02 -4.821678e-03 -1.962426e-02 -9.997958e-01 -2.818243e-01 -9.999835e-01 -3.047358e-03 4.882397e-03 8.716200e+00
-7.164023e-04 9.997920e-01 -2.038293e-02 -9.346402e-02 1.526052e-03 -2.038182e-02 -9.997911e-01 -2.878925e-01 -9.999986e-01 -7.473583e-04 -1.511133e-03 9.404757e+00
-4.620633e-04 9.997662e-01 -2.161779e-02 -1.113108e-01 7.901305e-03 -2.161347e-02 -9.997352e-01 -2.809584e-01 -9.999687e-01 -6.327499e-04 -7.889471e-03 1.011436e+01
-1.496138e-03 9.997378e-01 -2.284736e-02 -1.291771e-01 7.450499e-03 -2.283561e-02 -9.997115e-01 -2.817092e-01 -9.999712e-01 -1.665931e-03 -7.414381e-03 1.084707e+01
-2.756633e-03 9.997196e-01 -2.351665e-02 -1.473767e-01 -9.460160e-04 -2.351934e-02 -9.997230e-01 -2.886920e-01 -9.999958e-01 -2.733622e-03 1.010585e-03 1.160545e+01
-3.619974e-03 9.997062e-01 -2.396845e-02 -1.642898e-01 -8.806987e-03 -2.399955e-02 -9.996732e-01 -2.948658e-01 -9.999547e-01 -3.407702e-03 8.891277e-03 1.238212e+01
-4.917559e-03 9.996850e-01 -2.461261e-02 -1.730509e-01 -1.202422e-02 -2.467024e-02 -9.996234e-01 -2.958934e-01 -9.999157e-01 -4.619759e-03 1.214175e-02 1.316724e+01
-7.352697e-03 9.996625e-01 -2.491432e-02 -1.826650e-01 -1.176039e-02 -2.499972e-02 -9.996183e-01 -2.944457e-01 -9.999038e-01 -7.056888e-03 1.194024e-02 1.397141e+01
-7.897904e-03 9.996676e-01 -2.454142e-02 -2.030808e-01 -9.479267e-03 -2.461593e-02 -9.996521e-01 -2.977375e-01 -9.999239e-01 -7.662521e-03 9.670530e-03 1.478457e+01
-5.998468e-03 9.996906e-01 -2.413950e-02 -2.170911e-01 -6.313716e-03 -2.417732e-02 -9.996878e-01 -2.886836e-01 -9.999621e-01 -5.844185e-03 6.456790e-03 1.560837e+01
-7.674844e-03 9.997049e-01 -2.304797e-02 -2.313577e-01 -9.196900e-04 -2.305569e-02 -9.997338e-01 -2.892684e-01 -9.999702e-01 -7.651604e-03 1.096368e-03 1.644657e+01
-1.028644e-02 9.996976e-01 -2.233761e-02 -2.400293e-01 5.226307e-03 -2.228474e-02 -9.997380e-01 -2.989300e-01 -9.999335e-01 -1.040049e-02 -4.995495e-03 1.730598e+01
-1.020487e-02 9.997198e-01 -2.135919e-02 -2.555475e-01 1.014692e-02 -2.125568e-02 -9.997226e-01 -3.168323e-01 -9.998965e-01 -1.041877e-02 -9.927166e-03 1.819233e+01
-7.391712e-03 9.997515e-01 -2.103234e-02 -2.771322e-01 1.170978e-02 -2.094493e-02 -9.997121e-01 -3.262477e-01 -9.999042e-01 -7.635868e-03 -1.155205e-02 1.909159e+01
-7.389335e-03 9.997471e-01 -2.124194e-02 -3.009617e-01 1.105300e-02 -2.115957e-02 -9.997151e-01 -3.424121e-01 -9.999116e-01 -7.622016e-03 -1.089385e-02 2.000974e+01
-6.994522e-03 9.997457e-01 -2.144011e-02 -3.239298e-01 1.191141e-02 -2.135582e-02 -9.997010e-01 -3.609370e-01 -9.999046e-01 -7.247813e-03 -1.175900e-02 2.093762e+01
-4.226806e-03 9.997649e-01 -2.126472e-02 -3.471619e-01 1.368054e-02 -2.120511e-02 -9.996816e-01 -3.821623e-01 -9.998975e-01 -4.516373e-03 -1.358770e-02 2.188145e+01
-5.380632e-04 9.997709e-01 -2.139584e-02 -3.724683e-01 1.453082e-02 -2.138577e-02 -9.996657e-01 -3.987706e-01 -9.998943e-01 -8.487826e-04 -1.451598e-02 2.283899e+01
1.718687e-03 9.997682e-01 -2.146234e-02 -3.990863e-01 1.465428e-02 -2.148525e-02 -9.996618e-01 -4.234063e-01 -9.998912e-01 1.403591e-03 -1.468780e-02 2.380777e+01
2.751143e-03 9.997672e-01 -2.139784e-02 -4.174728e-01 1.463512e-02 -2.143588e-02 -9.996631e-01 -4.467027e-01 -9.998892e-01 2.437056e-03 -1.469069e-02 2.477736e+01
3.279213e-03 9.997585e-01 -2.172813e-02 -4.372654e-01 1.437184e-02 -2.177312e-02 -9.996597e-01 -4.729690e-01 -9.998914e-01 2.965824e-03 -1.443977e-02 2.576111e+01
4.051878e-03 9.997491e-01 -2.203138e-02 -4.608792e-01 1.330628e-02 -2.208351e-02 -9.996676e-01 -4.977041e-01 -9.999033e-01 3.757376e-03 -1.339242e-02 2.675541e+01
4.663641e-03 9.997405e-01 -2.229745e-02 -4.845264e-01 1.131961e-02 -2.234904e-02 -9.996862e-01 -5.189412e-01 -9.999251e-01 4.409779e-03 -1.142090e-02 2.775686e+01
4.606985e-03 9.997374e-01 -2.244919e-02 -5.050531e-01 1.017629e-02 -2.249514e-02 -9.996952e-01 -5.391912e-01 -9.999376e-01 4.377131e-03 -1.027725e-02 2.876910e+01
3.767983e-03 9.997381e-01 -2.257365e-02 -5.298460e-01 1.080481e-02 -2.261319e-02 -9.996859e-01 -5.647945e-01 -9.999346e-01 3.522896e-03 -1.088719e-02 2.978050e+01
5.504845e-03 9.997236e-01 -2.285809e-02 -5.492968e-01 1.145588e-02 -2.291999e-02 -9.996717e-01 -5.889173e-01 -9.999193e-01 5.241178e-03 -1.157888e-02 3.080669e+01
6.172437e-03 9.997128e-01 -2.315812e-02 -5.626381e-01 1.087882e-02 -2.322433e-02 -9.996711e-01 -6.087662e-01 -9.999218e-01 5.918474e-03 -1.101905e-02 3.183875e+01
6.131946e-03 9.997003e-01 -2.370138e-02 -5.861083e-01 8.293844e-03 -2.375186e-02 -9.996835e-01 -6.318088e-01 -9.999468e-01 5.933430e-03 -8.437003e-03 3.288844e+01
6.309055e-03 9.996835e-01 -2.435451e-02 -6.059141e-01 4.749671e-03 -2.438468e-02 -9.996914e-01 -6.515563e-01 -9.999689e-01 6.191432e-03 -4.902012e-03 3.394307e+01
5.269907e-03 9.996721e-01 -2.505854e-02 -6.241256e-01 2.258697e-03 -2.507073e-02 -9.996832e-01 -6.696380e-01 -9.999836e-01 5.211637e-03 -2.390076e-03 3.500771e+01
5.057830e-03 9.996595e-01 -2.560037e-02 -6.495181e-01 1.305267e-03 -2.560727e-02 -9.996713e-01 -6.858666e-01 -9.999864e-01 5.022752e-03 -1.434339e-03 3.606233e+01
4.002617e-03 9.996516e-01 -2.608780e-02 -6.691487e-01 2.306026e-03 -2.609717e-02 -9.996568e-01 -6.996989e-01 -9.999894e-01 3.941083e-03 -2.409679e-03 3.713337e+01
4.920531e-03 9.996325e-01 -2.665671e-02 -6.931155e-01 2.879471e-03 -2.667109e-02 -9.996402e-01 -7.173541e-01 -9.999838e-01 4.842003e-03 -3.009649e-03 3.821694e+01
5.307528e-03 9.996106e-01 -2.739506e-02 -7.245184e-01 1.904822e-03 -2.740551e-02 -9.996226e-01 -7.314357e-01 -9.999841e-01 5.253342e-03 -2.049535e-03 3.929001e+01
5.866014e-03 9.995887e-01 -2.807200e-02 -7.532450e-01 -8.543750e-05 -2.807198e-02 -9.996059e-01 -7.494013e-01 -9.999828e-01 5.866101e-03 -7.926794e-05 4.035946e+01
5.436838e-03 9.995699e-01 -2.881785e-02 -7.792991e-01 -2.611835e-03 -2.880399e-02 -9.995817e-01 -7.625904e-01 -9.999818e-01 5.509831e-03 2.454110e-03 4.144630e+01
5.134934e-03 9.995548e-01 -2.938956e-02 -8.048330e-01 -3.007404e-03 -2.937438e-02 -9.995640e-01 -7.815211e-01 -9.999823e-01 5.221081e-03 2.855230e-03 4.252401e+01
5.164134e-03 9.995411e-01 -2.984787e-02 -8.380740e-01 -7.524132e-05 -2.984788e-02 -9.995545e-01 -7.962120e-01 -9.999867e-01 5.164078e-03 -7.893126e-05 4.358303e+01
7.533834e-03 9.995259e-01 -2.985471e-02 -8.670136e-01 3.919515e-03 -2.988485e-02 -9.995457e-01 -8.168031e-01 -9.999640e-01 7.413396e-03 -4.142803e-03 4.465908e+01
1.059644e-02 9.994984e-01 -2.984312e-02 -9.022855e-01 4.471057e-03 -2.989186e-02 -9.995432e-01 -8.308381e-01 -9.999339e-01 1.045817e-02 -4.785561e-03 4.573081e+01
1.025478e-02 9.995017e-01 -2.985145e-02 -9.303554e-01 2.223539e-03 -2.987574e-02 -9.995512e-01 -8.442558e-01 -9.999450e-01 1.018380e-02 -2.528800e-03 4.682302e+01
1.130143e-02 9.994950e-01 -2.970016e-02 -9.586220e-01 1.844604e-04 -2.970414e-02 -9.995588e-01 -8.625138e-01 -9.999362e-01 1.129097e-02 -5.200662e-04 4.790918e+01
9.494387e-03 9.995172e-01 -2.958300e-02 -9.894927e-01 -1.166185e-03 -2.957325e-02 -9.995620e-01 -8.770962e-01 -9.999543e-01 9.524728e-03 8.848422e-04 4.898214e+01
9.874392e-03 9.995207e-01 -2.933927e-02 -1.023253e+00 -8.934964e-04 -2.933187e-02 -9.995694e-01 -8.879743e-01 -9.999509e-01 9.896354e-03 6.034341e-04 5.006704e+01
7.707409e-03 9.995525e-01 -2.890203e-02 -1.046074e+00 4.904490e-04 -2.890666e-02 -9.995820e-01 -9.044843e-01 -9.999702e-01 7.690013e-03 -7.130246e-04 5.113624e+01
8.356778e-03 9.995582e-01 -2.852392e-02 -1.078473e+00 2.840639e-03 -2.854853e-02 -9.995884e-01 -9.198552e-01 -9.999611e-01 8.272312e-03 -3.077957e-03 5.220980e+01
7.362752e-03 9.995692e-01 -2.840972e-02 -1.099303e+00 5.052139e-03 -2.844732e-02 -9.995826e-01 -9.356347e-01 -9.999602e-01 7.216148e-03 -5.259412e-03 5.328437e+01
5.946257e-03 9.995816e-01 -2.830799e-02 -1.126813e+00 8.013727e-03 -2.835522e-02 -9.995658e-01 -9.605532e-01 -9.999502e-01 5.716822e-03 -8.178981e-03 5.435068e+01
5.466754e-03 9.995878e-01 -2.818248e-02 -1.155496e+00 9.679223e-03 -2.823448e-02 -9.995545e-01 -9.872413e-01 -9.999382e-01 5.191534e-03 -9.829584e-03 5.543360e+01
5.260176e-03 9.995959e-01 -2.793537e-02 -1.178726e+00 7.855347e-03 -2.797620e-02 -9.995778e-01 -1.012026e+00 -9.999553e-01 5.038513e-03 -7.999332e-03 5.650967e+01
5.776531e-03 9.996035e-01 -2.755687e-02 -1.203532e+00 2.762715e-03 -2.757318e-02 -9.996160e-01 -1.032331e+00 -9.999795e-01 5.698181e-03 -2.920897e-03 5.759633e+01
3.220591e-03 9.996231e-01 -2.726183e-02 -1.231162e+00 -3.265740e-03 -2.725132e-02 -9.996233e-01 -1.046605e+00 -9.999895e-01 3.308408e-03 3.176744e-03 5.868284e+01
-1.242233e-03 9.996281e-01 -2.724128e-02 -1.246882e+00 -4.793275e-03 -2.724694e-02 -9.996173e-01 -1.063025e+00 -9.999878e-01 -1.111183e-03 4.825340e-03 5.976795e+01
-4.258911e-03 9.996227e-01 -2.713450e-02 -1.266000e+00 -2.195644e-03 -2.714403e-02 -9.996292e-01 -1.075940e+00 -9.999886e-01 -4.197754e-03 2.310420e-03 6.084726e+01
-6.474300e-03 9.996183e-01 -2.685675e-02 -1.290597e+00 1.059007e-03 -2.685044e-02 -9.996389e-01 -1.088641e+00 -9.999785e-01 -6.500404e-03 -8.847645e-04 6.192809e+01
-4.173859e-03 9.996226e-01 -2.715026e-02 -1.322599e+00 4.360125e-03 -2.713205e-02 -9.996224e-01 -1.109871e+00 -9.999818e-01 -4.290662e-03 -4.245234e-03 6.300253e+01
-3.874081e-03 9.996249e-01 -2.711268e-02 -1.342610e+00 8.158840e-03 -2.708039e-02 -9.996000e-01 -1.131324e+00 -9.999592e-01 -4.093740e-03 -8.050867e-03 6.408647e+01
-2.478509e-04 9.996534e-01 -2.632475e-02 -1.379160e+00 9.214753e-03 -2.632135e-02 -9.996111e-01 -1.156934e+00 -9.999575e-01 -4.903308e-04 -9.205036e-03 6.516253e+01
3.373500e-03 9.996615e-01 -2.579759e-02 -1.406902e+00 6.128031e-03 -2.581792e-02 -9.996479e-01 -1.172239e+00 -9.999756e-01 3.214223e-03 -6.213053e-03 6.625479e+01
4.442748e-03 9.996586e-01 -2.574701e-02 -1.439652e+00 4.004361e-03 -2.576484e-02 -9.996601e-01 -1.193912e+00 -9.999821e-01 4.338138e-03 -4.117460e-03 6.735136e+01
4.109557e-03 9.996545e-01 -2.596294e-02 -1.460762e+00 3.086900e-03 -2.597572e-02 -9.996579e-01 -1.208787e+00 -9.999868e-01 4.028006e-03 -3.192582e-03 6.844224e+01
2.616665e-03 9.996586e-01 -2.599804e-02 -1.486852e+00 2.336948e-03 -2.600417e-02 -9.996591e-01 -1.228825e+00 -9.999939e-01 2.555017e-03 -2.404194e-03 6.953456e+01
1.877356e-03 9.996545e-01 -2.621608e-02 -1.513117e+00 7.532272e-04 -2.621753e-02 -9.996560e-01 -1.247982e+00 -9.999980e-01 1.856963e-03 -8.021862e-04 7.063023e+01
2.646008e-04 9.996464e-01 -2.659017e-02 -1.532205e+00 -1.271654e-03 -2.658981e-02 -9.996457e-01 -1.262314e+00 -9.999992e-01 2.983204e-04 1.264169e-03 7.171044e+01
-9.474608e-04 9.996255e-01 -2.734983e-02 -1.557311e+00 -2.991417e-03 -2.735255e-02 -9.996214e-01 -1.278095e+00 -9.999951e-01 -8.652876e-04 3.016212e-03 7.280179e+01
-2.353924e-03 9.996062e-01 -2.796266e-02 -1.585248e+00 -2.406348e-03 -2.796832e-02 -9.996060e-01 -1.299319e+00 -9.999944e-01 -2.285709e-03 2.471236e-03 7.389624e+01
-2.179984e-03 9.995832e-01 -2.878650e-02 -1.614717e+00 9.652081e-04 -2.878446e-02 -9.995852e-01 -1.315751e+00 -9.999972e-01 -2.206865e-03 -9.020558e-04 7.496176e+01
-1.489738e-03 9.995705e-01 -2.926908e-02 -1.641943e+00 2.971962e-03 -2.926456e-02 -9.995673e-01 -1.333466e+00 -9.999945e-01 -1.576080e-03 -2.927088e-03 7.603854e+01
3.801533e-04 9.995514e-01 -2.994663e-02 -1.677743e+00 1.622727e-03 -2.994721e-02 -9.995502e-01 -1.351689e+00 -9.999986e-01 3.313869e-04 -1.633383e-03 7.711215e+01
1.408465e-03 9.995254e-01 -3.077168e-02 -1.714416e+00 -2.012961e-03 -3.076882e-02 -9.995245e-01 -1.365590e+00 -9.999970e-01 1.469738e-03 1.968669e-03 7.819025e+01
3.055452e-03 9.995091e-01 -3.117967e-02 -1.744559e+00 -6.214866e-03 -3.116023e-02 -9.994951e-01 -1.378982e+00 -9.999761e-01 3.247687e-03 6.116607e-03 7.926383e+01
2.303796e-03 9.994892e-01 -3.187457e-02 -1.777188e+00 -7.537493e-03 -3.185639e-02 -9.994641e-01 -1.393327e+00 -9.999690e-01 2.542815e-03 7.460253e-03 8.032543e+01
1.714221e-03 9.994674e-01 -3.258816e-02 -1.810449e+00 -5.899166e-03 -3.257754e-02 -9.994518e-01 -1.400357e+00 -9.999812e-01 1.905524e-03 5.840179e-03 8.138250e+01
2.277621e-03 9.994488e-01 -3.311848e-02 -1.838337e+00 -4.938285e-03 -3.310692e-02 -9.994397e-01 -1.413239e+00 -9.999852e-01 2.439893e-03 4.860158e-03 8.244022e+01
2.183541e-03 9.994355e-01 -3.352319e-02 -1.869638e+00 -4.731600e-03 -3.351257e-02 -9.994271e-01 -1.425956e+00 -9.999865e-01 2.340908e-03 4.655753e-03 8.347861e+01
7.982465e-04 9.994189e-01 -3.407532e-02 -1.904711e+00 -5.096601e-03 -3.407082e-02 -9.994065e-01 -1.440919e+00 -9.999867e-01 9.714408e-04 5.066443e-03 8.450533e+01
6.953298e-04 9.994007e-01 -3.460875e-02 -1.932238e+00 -6.669274e-03 -3.460336e-02 -9.993789e-01 -1.455289e+00 -9.999776e-01 9.257130e-04 6.641216e-03 8.552465e+01
-3.602917e-04 9.993828e-01 -3.512677e-02 -1.962784e+00 -9.006441e-03 -3.512859e-02 -9.993423e-01 -1.467872e+00 -9.999594e-01 -4.368768e-05 9.013539e-03 8.652429e+01
-9.953132e-04 9.993414e-01 -3.627248e-02 -1.996392e+00 -1.037082e-02 -3.628087e-02 -9.992879e-01 -1.480499e+00 -9.999458e-01 -6.184293e-04 1.040010e-02 8.749676e+01
-2.424942e-03 9.992673e-01 -3.819726e-02 -2.027871e+00 -1.078460e-02 -3.822129e-02 -9.992111e-01 -1.489192e+00 -9.999389e-01 -2.011087e-03 1.086938e-02 8.845461e+01
-3.161152e-03 9.991437e-01 -4.125453e-02 -2.067301e+00 -1.024078e-02 -4.128492e-02 -9.990950e-01 -1.503092e+00 -9.999426e-01 -2.735813e-03 1.036252e-02 8.939511e+01
-3.398603e-03 9.990142e-01 -4.426085e-02 -2.106508e+00 -9.382284e-03 -4.429101e-02 -9.989747e-01 -1.513100e+00 -9.999502e-01 -2.979850e-03 9.523563e-03 9.031103e+01
-3.417022e-03 9.988633e-01 -4.754441e-02 -2.149831e+00 -9.462409e-03 -4.757486e-02 -9.988229e-01 -1.525111e+00 -9.999494e-01 -2.963115e-03 9.614217e-03 9.119873e+01
-2.812902e-03 9.987133e-01 -5.063468e-02 -2.191288e+00 -1.049376e-02 -5.066157e-02 -9.986608e-01 -1.533108e+00 -9.999410e-01 -2.277787e-03 1.062276e-02 9.206052e+01
-1.370278e-03 9.985690e-01 -5.346026e-02 -2.236647e+00 -1.163324e-02 -5.347262e-02 -9.985016e-01 -1.544544e+00 -9.999314e-01 -7.463094e-04 1.168986e-02 9.289712e+01
-1.158090e-03 9.984202e-01 -5.617546e-02 -2.276952e+00 -1.298393e-02 -5.618577e-02 -9.983359e-01 -1.551380e+00 -9.999151e-01 -4.267846e-04 1.302849e-02 9.370972e+01
3.617380e-04 9.982614e-01 -5.894135e-02 -2.324837e+00 -1.406330e-02 -5.893045e-02 -9.981631e-01 -1.561547e+00 -9.999011e-01 1.189983e-03 1.401753e-02 9.450148e+01
2.425613e-03 9.981020e-01 -6.153476e-02 -2.374667e+00 -1.452416e-02 -6.149329e-02 -9.980019e-01 -1.570550e+00 -9.998916e-01 3.314507e-03 1.434744e-02 9.526407e+01
3.015539e-03 9.979317e-01 -6.421236e-02 -2.419885e+00 -1.375144e-02 -6.416520e-02 -9.978446e-01 -1.577714e+00 -9.999009e-01 3.892051e-03 1.352950e-02 9.598998e+01
4.327382e-03 9.977555e-01 -6.682217e-02 -2.468487e+00 -1.073387e-02 -6.677260e-02 -9.977105e-01 -1.586842e+00 -9.999331e-01 5.034734e-03 1.042083e-02 9.668801e+01
6.808848e-03 9.975935e-01 -6.899834e-02 -2.515676e+00 -7.006796e-03 -6.895066e-02 -9.975955e-01 -1.597971e+00 -9.999523e-01 7.275934e-03 6.520460e-03 9.735276e+01
8.945818e-03 9.974329e-01 -7.104662e-02 -2.566337e+00 -4.420820e-03 -7.100932e-02 -9.974659e-01 -1.603288e+00 -9.999502e-01 9.237232e-03 3.774236e-03 9.799673e+01
1.123373e-02 9.973416e-01 -7.199718e-02 -2.611618e+00 -3.336162e-03 -7.196394e-02 -9.974017e-01 -1.613689e+00 -9.999314e-01 1.144473e-02 2.518870e-03 9.860505e+01
1.402761e-02 9.973565e-01 -7.129690e-02 -2.652140e+00 -3.600740e-03 -7.125307e-02 -9.974518e-01 -1.626152e+00 -9.998952e-01 1.424859e-02 2.591711e-03 9.918076e+01
1.771038e-02 9.974805e-01 -6.869462e-02 -2.696129e+00 -4.961121e-03 -6.861689e-02 -9.976308e-01 -1.639466e+00 -9.998309e-01 1.800923e-02 3.733391e-03 9.973532e+01
2.021559e-02 9.977740e-01 -6.354783e-02 -2.722791e+00 -6.645355e-03 -6.342532e-02 -9.979645e-01 -1.649089e+00 -9.997736e-01 2.059674e-02 5.348383e-03 1.002690e+02
2.091871e-02 9.981869e-01 -5.643809e-02 -2.756074e+00 -8.539679e-03 -5.627000e-02 -9.983791e-01 -1.653675e+00 -9.997447e-01 2.136677e-02 7.347101e-03 1.007795e+02
2.061745e-02 9.986803e-01 -4.703826e-02 -2.771270e+00 -1.098635e-02 -4.681912e-02 -9.988430e-01 -1.655799e+00 -9.997271e-01 2.111038e-02 1.000656e-02 1.012611e+02
1.971069e-02 9.991812e-01 -3.533270e-02 -2.782969e+00 -1.240746e-02 -3.509239e-02 -9.993071e-01 -1.663591e+00 -9.997288e-01 2.013542e-02 1.170560e-02 1.017229e+02
1.934951e-02 9.995685e-01 -2.209779e-02 -2.782585e+00 -1.272890e-02 -2.185385e-02 -9.996802e-01 -1.669326e+00 -9.997318e-01 1.962460e-02 1.230055e-02 1.021662e+02
1.839677e-02 9.998050e-01 -7.178373e-03 -2.776573e+00 -1.223809e-02 -6.953877e-03 -9.999010e-01 -1.674616e+00 -9.997559e-01 1.848280e-02 1.210777e-02 1.025915e+02
1.696185e-02 9.998027e-01 1.033289e-02 -2.764174e+00 -9.723992e-03 1.049884e-02 -9.998976e-01 -1.682854e+00 -9.998089e-01 1.685964e-02 9.900154e-03 1.030161e+02
1.651274e-02 9.993762e-01 3.121774e-02 -2.734054e+00 -5.751207e-03 3.131641e-02 -9.994930e-01 -1.689049e+00 -9.998472e-01 1.632482e-02 6.264739e-03 1.034106e+02
1.520657e-02 9.983497e-01 5.537725e-02 -2.695605e+00 -1.009565e-03 5.539896e-02 -9.984638e-01 -1.692789e+00 -9.998839e-01 1.512730e-02 1.850327e-03 1.038052e+02
1.324608e-02 9.965243e-01 8.224319e-02 -2.647221e+00 1.545392e-03 8.222991e-02 -9.966122e-01 -1.698432e+00 -9.999111e-01 1.332831e-02 -4.507961e-04 1.041824e+02
1.120105e-02 9.936560e-01 1.119034e-01 -2.584222e+00 2.614871e-03 1.118809e-01 -9.937182e-01 -1.704533e+00 -9.999339e-01 1.142330e-02 -1.345097e-03 1.045620e+02
8.483962e-03 9.895311e-01 1.440701e-01 -2.522608e+00 4.148091e-03 1.440392e-01 -9.895633e-01 -1.708644e+00 -9.999554e-01 8.993033e-03 -2.882642e-03 1.049303e+02
6.206856e-03 9.837775e-01 1.792852e-01 -2.438268e+00 5.667803e-03 1.792512e-01 -9.837871e-01 -1.716012e+00 -9.999647e-01 7.122378e-03 -4.463271e-03 1.052826e+02
3.011477e-03 9.761475e-01 2.170877e-01 -2.339365e+00 6.187079e-03 2.170663e-01 -9.761373e-01 -1.725648e+00 -9.999764e-01 4.282753e-03 -5.385810e-03 1.056378e+02
7.022053e-04 9.664943e-01 2.566872e-01 -2.222753e+00 6.625702e-03 2.566771e-01 -9.664745e-01 -1.740028e+00 -9.999778e-01 2.379396e-03 -6.223462e-03 1.059849e+02
5.773884e-04 9.545960e-01 2.979030e-01 -2.099635e+00 7.264245e-03 2.978912e-01 -9.545722e-01 -1.755473e+00 -9.999735e-01 2.715199e-03 -6.762419e-03 1.063093e+02
2.649691e-03 9.398721e-01 3.415163e-01 -1.963969e+00 7.628387e-03 3.414886e-01 -9.398550e-01 -1.762031e+00 -9.999674e-01 5.095544e-03 -6.264868e-03 1.066283e+02
3.166427e-03 9.224977e-01 3.859895e-01 -1.817787e+00 6.613235e-03 3.859637e-01 -9.224903e-01 -1.770584e+00 -9.999732e-01 5.473637e-03 -4.878568e-03 1.069468e+02
2.899899e-03 9.029172e-01 4.298047e-01 -1.649053e+00 5.582678e-03 4.297852e-01 -9.029140e-01 -1.770041e+00 -9.999802e-01 5.017820e-03 -3.794362e-03 1.072496e+02
1.476570e-03 8.804523e-01 4.741324e-01 -1.460761e+00 6.181260e-03 4.741159e-01 -8.804408e-01 -1.776541e+00 -9.999798e-01 4.230768e-03 -4.742239e-03 1.075322e+02
5.894729e-04 8.559089e-01 5.171262e-01 -1.269759e+00 7.997071e-03 5.171058e-01 -8.558842e-01 -1.790857e+00 -9.999679e-01 4.640015e-03 -6.539945e-03 1.078140e+02
3.155249e-05 8.290798e-01 5.591303e-01 -1.064833e+00 1.087873e-02 5.590969e-01 -8.290310e-01 -1.799218e+00 -9.999409e-01 6.108788e-03 -9.001698e-03 1.080835e+02
1.412496e-03 7.992750e-01 6.009638e-01 -8.481649e-01 1.465622e-02 6.008833e-01 -7.992024e-01 -1.811696e+00 -9.998916e-01 9.936730e-03 -1.086561e-02 1.083367e+02
5.449362e-03 7.665204e-01 6.421968e-01 -6.219925e-01 1.844945e-02 6.420200e-01 -7.664659e-01 -1.828947e+00 -9.998150e-01 1.602492e-02 -1.064328e-02 1.085794e+02
8.921361e-03 7.303384e-01 6.830273e-01 -3.805141e-01 2.147322e-02 6.827571e-01 -7.303299e-01 -1.825673e+00 -9.997297e-01 2.118233e-02 -9.591597e-03 1.088114e+02
8.174450e-03 6.919485e-01 7.219006e-01 -1.087733e-01 2.273667e-02 7.216095e-01 -6.919269e-01 -1.824779e+00 -9.997081e-01 2.206974e-02 -9.833843e-03 1.090466e+02
5.519772e-03 6.518076e-01 7.583643e-01 1.835527e-01 2.162236e-02 7.581208e-01 -6.517557e-01 -1.845642e+00 -9.997510e-01 1.999517e-02 -9.908964e-03 1.092552e+02
4.445244e-03 6.090423e-01 7.931252e-01 4.868972e-01 1.902857e-02 7.929380e-01 -6.090052e-01 -1.853867e+00 -9.998091e-01 1.779921e-02 -8.064400e-03 1.094525e+02
4.510138e-03 5.636290e-01 8.260157e-01 7.985890e-01 1.647287e-02 8.258702e-01 -5.636197e-01 -1.870115e+00 -9.998542e-01 1.614885e-02 -5.559800e-03 1.096444e+02
4.017393e-03 5.166431e-01 8.561914e-01 1.124429e+00 1.456563e-02 8.560773e-01 -5.166426e-01 -1.865067e+00 -9.998859e-01 1.454652e-02 -4.086030e-03 1.098165e+02
2.354786e-03 4.671951e-01 8.841511e-01 1.466196e+00 1.032083e-02 8.840952e-01 -4.671930e-01 -1.897408e+00 -9.999440e-01 1.022531e-02 -2.739986e-03 1.099700e+02
4.503169e-03 4.165696e-01 9.090927e-01 1.836089e+00 8.777950e-03 9.090504e-01 -4.165937e-01 -1.909026e+00 -9.999514e-01 9.855961e-03 4.369802e-04 1.101116e+02
7.634841e-03 3.661424e-01 9.305275e-01 2.206051e+00 1.147006e-02 9.304614e-01 -3.662105e-01 -1.921641e+00 -9.999051e-01 1.346916e-02 2.904251e-03 1.102545e+02
9.408147e-03 3.164516e-01 9.485620e-01 2.594313e+00 1.677497e-02 9.484206e-01 -3.165708e-01 -1.917913e+00 -9.998151e-01 1.889044e-02 3.614414e-03 1.103672e+02
8.747133e-03 2.690895e-01 9.630754e-01 3.005717e+00 2.011213e-02 9.628702e-01 -2.692148e-01 -1.920525e+00 -9.997595e-01 2.172436e-02 3.010389e-03 1.104771e+02
2.825306e-03 2.264445e-01 9.740200e-01 3.433480e+00 2.168363e-02 9.737810e-01 -2.264519e-01 -1.921563e+00 -9.997609e-01 2.176008e-02 -2.158910e-03 1.105790e+02
-4.859942e-03 1.895483e-01 9.818594e-01 3.858729e+00 2.277352e-02 9.816373e-01 -1.893927e-01 -1.934069e+00 -9.997289e-01 2.143996e-02 -9.087382e-03 1.106683e+02
-8.895523e-03 1.578565e-01 9.874220e-01 4.302638e+00 2.383032e-02 9.872141e-01 -1.576085e-01 -1.958587e+00 -9.996765e-01 2.212857e-02 -1.254356e-02 1.107421e+02
-5.923270e-03 1.298620e-01 9.915144e-01 4.773396e+00 2.163237e-02 9.913164e-01 -1.297068e-01 -1.985965e+00 -9.997485e-01 2.068052e-02 -8.681059e-03 1.108076e+02
3.569131e-04 1.038271e-01 9.945953e-01 5.261670e+00 1.768530e-02 9.944392e-01 -1.038171e-01 -1.998858e+00 -9.998436e-01 1.762677e-02 -1.481285e-03 1.108706e+02
5.162617e-03 7.998624e-02 9.967826e-01 5.769371e+00 1.368036e-02 9.966970e-01 -8.005022e-02 -1.998568e+00 -9.998931e-01 1.404961e-02 4.051324e-03 1.109206e+02
1.799627e-03 5.716383e-02 9.983632e-01 6.294456e+00 1.144939e-02 9.982982e-01 -5.718075e-02 -1.998554e+00 -9.999329e-01 1.153356e-02 1.142073e-03 1.109452e+02
-6.107113e-03 3.650194e-02 9.993149e-01 6.820928e+00 1.219987e-02 9.992619e-01 -3.642545e-02 -2.011103e+00 -9.999070e-01 1.196905e-02 -6.547925e-03 1.109515e+02
-1.229670e-02 1.823076e-02 9.997582e-01 7.374760e+00 1.389014e-02 9.997405e-01 -1.805959e-02 -2.032698e+00 -9.998279e-01 1.366471e-02 -1.254673e-02 1.109520e+02
-1.406499e-02 3.983642e-03 9.998931e-01 7.943444e+00 1.866745e-02 9.998189e-01 -3.720761e-03 -2.047509e+00 -9.997268e-01 1.861313e-02 -1.413680e-02 1.109533e+02
-1.118856e-02 -7.752101e-03 9.999074e-01 8.543037e+00 2.311226e-02 9.997008e-01 8.009117e-03 -2.055390e+00 -9.996703e-01 2.319973e-02 -1.100604e-02 1.109624e+02
-1.169127e-02 -1.479073e-02 9.998223e-01 9.179273e+00 2.355839e-02 9.996090e-01 1.506305e-02 -2.049383e+00 -9.996541e-01 2.373031e-02 -1.133825e-02 1.109590e+02
-1.673069e-02 -1.782373e-02 9.997011e-01 9.833834e+00 2.048397e-02 9.996252e-01 1.816519e-02 -2.069203e+00 -9.996502e-01 2.078176e-02 -1.635932e-02 1.109402e+02
-1.937676e-02 -1.742487e-02 9.996604e-01 1.049158e+01 1.836144e-02 9.996733e-01 1.778100e-02 -2.086842e+00 -9.996437e-01 1.869974e-02 -1.905048e-02 1.109226e+02
-1.849549e-02 -1.561473e-02 9.997070e-01 1.117106e+01 1.784753e-02 9.997136e-01 1.594503e-02 -2.118260e+00 -9.996697e-01 1.813722e-02 -1.821151e-02 1.109123e+02
-1.541055e-02 -1.361139e-02 9.997886e-01 1.185873e+01 1.855317e-02 9.997313e-01 1.389658e-02 -2.132205e+00 -9.997091e-01 1.876341e-02 -1.515388e-02 1.108988e+02
-1.431954e-02 -1.239559e-02 9.998206e-01 1.256154e+01 1.965646e-02 9.997265e-01 1.267594e-02 -2.146432e+00 -9.997043e-01 1.983445e-02 -1.407197e-02 1.108877e+02
-1.361955e-02 -1.156650e-02 9.998403e-01 1.328906e+01 2.042455e-02 9.997213e-01 1.184334e-02 -2.161777e+00 -9.996987e-01 2.058259e-02 -1.337952e-02 1.108811e+02
-1.320429e-02 -1.074531e-02 9.998551e-01 1.402099e+01 1.996042e-02 9.997402e-01 1.100768e-02 -2.181567e+00 -9.997136e-01 2.010288e-02 -1.298638e-02 1.108692e+02
-1.086261e-02 -1.004253e-02 9.998906e-01 1.478312e+01 1.879183e-02 9.997710e-01 1.024548e-02 -2.199477e+00 -9.997644e-01 1.890106e-02 -1.067141e-02 1.108599e+02
-1.135134e-02 -9.605968e-03 9.998894e-01 1.554919e+01 1.746795e-02 9.997994e-01 9.803409e-03 -2.219983e+00 -9.997830e-01 1.757730e-02 -1.118127e-02 1.108494e+02
-1.188378e-02 -1.015860e-02 9.998778e-01 1.632641e+01 1.523622e-02 9.998305e-01 1.033921e-02 -2.243976e+00 -9.998133e-01 1.535723e-02 -1.172698e-02 1.108435e+02
-1.176923e-02 -1.086852e-02 9.998717e-01 1.712186e+01 1.359994e-02 9.998467e-01 1.102833e-02 -2.257469e+00 -9.998383e-01 1.372799e-02 -1.161961e-02 1.108355e+02
-9.059668e-03 -1.200999e-02 9.998868e-01 1.792439e+01 1.262421e-02 9.998469e-01 1.212389e-02 -2.267283e+00 -9.998793e-01 1.273262e-02 -8.906664e-03 1.108348e+02
-9.918559e-03 -1.332134e-02 9.998621e-01 1.872244e+01 1.007912e-02 9.998592e-01 1.342129e-02 -2.282237e+00 -9.999000e-01 1.021085e-02 -9.782895e-03 1.108169e+02
-1.144649e-02 -1.425933e-02 9.998328e-01 1.952660e+01 7.888145e-03 9.998660e-01 1.435011e-02 -2.304608e+00 -9.999034e-01 8.051084e-03 -1.133248e-02 1.108069e+02
-1.112070e-02 -1.542205e-02 9.998192e-01 2.034735e+01 7.515587e-03 9.998516e-01 1.550615e-02 -2.319960e+00 -9.999100e-01 7.686668e-03 -1.100314e-02 1.107911e+02
-8.868399e-03 -1.635977e-02 9.998268e-01 2.116448e+01 1.108017e-02 9.998032e-01 1.645767e-02 -2.342356e+00 -9.998993e-01 1.122420e-02 -8.685385e-03 1.107823e+02
-8.653545e-03 -1.729958e-02 9.998129e-01 2.199162e+01 1.581600e-02 9.997229e-01 1.743492e-02 -2.349031e+00 -9.998375e-01 1.596391e-02 -8.377537e-03 1.107703e+02
-9.293667e-03 -1.855496e-02 9.997846e-01 2.282699e+01 1.722458e-02 9.996766e-01 1.871307e-02 -2.375618e+00 -9.998085e-01 1.739479e-02 -8.971060e-03 1.107562e+02
-5.622889e-03 -1.984126e-02 9.997873e-01 2.367913e+01 1.541862e-02 9.996826e-01 1.992589e-02 -2.391464e+00 -9.998654e-01 1.552738e-02 -5.315180e-03 1.107473e+02
-2.726224e-03 -2.070066e-02 9.997820e-01 2.453567e+01 1.169924e-02 9.997167e-01 2.073121e-02 -2.411752e+00 -9.999279e-01 1.175320e-02 -2.483270e-03 1.107367e+02
-1.053536e-03 -2.115429e-02 9.997757e-01 2.538527e+01 6.810718e-03 9.997529e-01 2.116099e-02 -2.433194e+00 -9.999763e-01 6.831484e-03 -9.091999e-04 1.107219e+02
2.047933e-03 -2.127657e-02 9.997715e-01 2.623162e+01 1.354006e-03 9.997728e-01 2.127382e-02 -2.445041e+00 -9.999970e-01 1.310129e-03 2.076276e-03 1.107024e+02
3.950269e-03 -2.105926e-02 9.997704e-01 2.710146e+01 8.420776e-05 9.997783e-01 2.105909e-02 -2.452182e+00 -9.999922e-01 9.990189e-07 3.951166e-03 1.106886e+02
1.611940e-03 -2.014387e-02 9.997958e-01 2.794239e+01 6.023088e-03 9.997792e-01 2.013383e-02 -2.469912e+00 -9.999806e-01 5.989403e-03 1.732912e-03 1.106648e+02
-1.041052e-03 -1.906280e-02 9.998177e-01 2.876426e+01 1.632010e-02 9.996848e-01 1.907726e-02 -2.490097e+00 -9.998663e-01 1.633699e-02 -7.296178e-04 1.106404e+02
-2.605311e-03 -1.871561e-02 9.998214e-01 2.959795e+01 2.137431e-02 9.995954e-01 1.876707e-02 -2.509798e+00 -9.997682e-01 2.141938e-02 -2.204224e-03 1.106280e+02
-2.932855e-03 -1.778311e-02 9.998376e-01 3.043589e+01 1.816810e-02 9.996759e-01 1.783353e-02 -2.521817e+00 -9.998307e-01 1.821746e-02 -2.608820e-03 1.106131e+02
-6.117187e-03 -1.693382e-02 9.998379e-01 3.127381e+01 1.016584e-02 9.998039e-01 1.699544e-02 -2.541947e+00 -9.999297e-01 1.026815e-02 -5.943841e-03 1.105932e+02
-8.221933e-03 -1.616876e-02 9.998355e-01 3.209814e+01 6.597499e-03 9.998467e-01 1.622320e-02 -2.566574e+00 -9.999445e-01 6.729799e-03 -8.113999e-03 1.105672e+02
-8.088629e-03 -1.634560e-02 9.998337e-01 3.292348e+01 6.757724e-03 9.998427e-01 1.640042e-02 -2.586278e+00 -9.999445e-01 6.889256e-03 -7.976897e-03 1.105446e+02
-5.081385e-03 -1.743573e-02 9.998351e-01 3.374336e+01 7.559291e-03 9.998188e-01 1.747387e-02 -2.607807e+00 -9.999586e-01 7.646835e-03 -4.948662e-03 1.105344e+02
-2.593657e-03 -1.915086e-02 9.998132e-01 3.455343e+01 7.677848e-03 9.997868e-01 1.917028e-02 -2.622211e+00 -9.999672e-01 7.726135e-03 -2.446067e-03 1.105170e+02
-2.140901e-03 -2.120137e-02 9.997729e-01 3.535391e+01 7.349988e-03 9.997479e-01 2.121658e-02 -2.635816e+00 -9.999707e-01 7.393742e-03 -1.984531e-03 1.105012e+02
-1.455718e-03 -2.309688e-02 9.997322e-01 3.616244e+01 7.491045e-03 9.997050e-01 2.310716e-02 -2.658433e+00 -9.999709e-01 7.522676e-03 -1.282269e-03 1.104837e+02
-6.460973e-04 -2.483086e-02 9.996915e-01 3.696144e+01 8.168772e-03 9.996582e-01 2.483531e-02 -2.671545e+00 -9.999665e-01 8.182297e-03 -4.430391e-04 1.104637e+02
1.033522e-03 -2.684580e-02 9.996390e-01 3.775528e+01 7.178368e-03 9.996141e-01 2.683771e-02 -2.682097e+00 -9.999737e-01 7.148040e-03 1.225832e-03 1.104436e+02
1.110022e-03 -2.919777e-02 9.995730e-01 3.855303e+01 5.935839e-03 9.995563e-01 2.919069e-02 -2.703082e+00 -9.999818e-01 5.900902e-03 1.282842e-03 1.104215e+02
9.723854e-04 -3.096517e-02 9.995200e-01 3.934019e+01 6.006669e-03 9.995027e-01 3.095879e-02 -2.719725e+00 -9.999815e-01 5.973682e-03 1.157899e-03 1.103974e+02
1.439639e-03 -3.301632e-02 9.994538e-01 4.012544e+01 6.746856e-03 9.994324e-01 3.300589e-02 -2.737641e+00 -9.999762e-01 6.695654e-03 1.661578e-03 1.103786e+02
1.023756e-03 -3.396807e-02 9.994224e-01 4.090401e+01 6.827761e-03 9.993999e-01 3.396032e-02 -2.747593e+00 -9.999762e-01 6.789050e-03 1.255068e-03 1.103474e+02
-1.049266e-04 -3.477723e-02 9.993951e-01 4.167034e+01 5.664224e-03 9.993791e-01 3.477727e-02 -2.765572e+00 -9.999840e-01 5.664446e-03 9.212441e-05 1.103107e+02
-3.990791e-04 -3.638620e-02 9.993377e-01 4.243657e+01 4.861158e-03 9.993260e-01 3.638772e-02 -2.785955e+00 -9.999881e-01 4.872460e-03 -2.219313e-04 1.102803e+02
5.589328e-04 -3.778613e-02 9.992857e-01 4.318842e+01 4.430693e-03 9.992762e-01 3.778329e-02 -2.800427e+00 -9.999901e-01 4.406409e-03 7.259468e-04 1.102624e+02
2.321257e-03 -3.907720e-02 9.992335e-01 4.394612e+01 3.554632e-03 9.992302e-01 3.906881e-02 -2.815954e+00 -9.999910e-01 3.461218e-03 2.458375e-03 1.102363e+02
3.141015e-03 -3.969504e-02 9.992069e-01 4.467946e+01 2.338644e-03 9.992094e-01 3.968779e-02 -2.828875e+00 -9.999924e-01 2.212129e-03 3.231364e-03 1.102038e+02
2.864952e-03 -4.032284e-02 9.991826e-01 4.539104e+01 2.454674e-03 9.991840e-01 4.031586e-02 -2.839948e+00 -9.999929e-01 2.337164e-03 2.961594e-03 1.101782e+02
2.707436e-03 -4.060204e-02 9.991717e-01 4.609822e+01 4.449296e-03 9.991660e-01 4.058975e-02 -2.850663e+00 -9.999865e-01 4.335716e-03 2.885828e-03 1.101448e+02
2.919076e-03 -4.068224e-02 9.991679e-01 4.680200e+01 6.917348e-03 9.991491e-01 4.066127e-02 -2.872045e+00 -9.999719e-01 6.792898e-03 3.198005e-03 1.101167e+02
4.109474e-03 -4.090507e-02 9.991546e-01 4.749903e+01 8.623712e-03 9.991274e-01 4.086849e-02 -2.890968e+00 -9.999544e-01 8.448473e-03 4.458641e-03 1.100919e+02
3.792794e-03 -4.102036e-02 9.991511e-01 4.819440e+01 9.482630e-03 9.991149e-01 4.098287e-02 -2.903895e+00 -9.999479e-01 9.319140e-03 4.178418e-03 1.100565e+02
2.385405e-03 -4.115096e-02 9.991501e-01 4.889156e+01 9.259732e-03 9.991111e-01 4.112725e-02 -2.920693e+00 -9.999543e-01 9.153757e-03 2.764332e-03 1.100301e+02
1.691426e-03 -4.134788e-02 9.991434e-01 4.957613e+01 8.666399e-03 9.991079e-01 4.133175e-02 -2.938913e+00 -9.999611e-01 8.589065e-03 2.048255e-03 1.100001e+02
4.447730e-03 -4.187813e-02 9.991128e-01 5.027191e+01 8.930240e-03 9.990846e-01 4.183720e-02 -2.954987e+00 -9.999503e-01 8.736236e-03 4.817640e-03 1.099724e+02
7.198782e-03 -4.170981e-02 9.991038e-01 5.096019e+01 8.905199e-03 9.990928e-01 4.164519e-02 -2.971839e+00 -9.999345e-01 8.597423e-03 7.563685e-03 1.099498e+02
5.926222e-03 -4.167340e-02 9.991137e-01 5.163389e+01 7.715925e-03 9.991035e-01 4.162721e-02 -2.982221e+00 -9.999527e-01 7.462394e-03 6.242458e-03 1.099137e+02
5.990279e-03 -4.292818e-02 9.990602e-01 5.230680e+01 6.982799e-03 9.990556e-01 4.288611e-02 -2.995944e+00 -9.999577e-01 6.719337e-03 6.284381e-03 1.098944e+02
9.858895e-03 -4.654199e-02 9.988677e-01 5.298061e+01 6.517098e-03 9.988980e-01 4.647908e-02 -3.021294e+00 -9.999302e-01 6.051486e-03 1.015135e-02 1.098754e+02
1.180936e-02 -5.164175e-02 9.985958e-01 5.365287e+01 6.736731e-03 9.986470e-01 5.156473e-02 -3.027395e+00 -9.999076e-01 6.118325e-03 1.214128e-02 1.098454e+02
8.712962e-03 -5.763462e-02 9.982997e-01 5.430337e+01 9.768327e-03 9.982949e-01 5.754908e-02 -3.036897e+00 -9.999144e-01 9.250295e-03 9.261100e-03 1.097974e+02
6.486274e-03 -6.437912e-02 9.979044e-01 5.497203e+01 1.263747e-02 9.978511e-01 6.429353e-02 -3.048070e+00 -9.998991e-01 1.219396e-02 7.285925e-03 1.097451e+02
8.235292e-03 -7.174210e-02 9.973892e-01 5.564925e+01 1.375449e-02 9.973369e-01 7.162476e-02 -3.073412e+00 -9.998715e-01 1.312873e-02 9.200136e-03 1.096960e+02
1.166223e-02 -7.806788e-02 9.968798e-01 5.632749e+01 1.354652e-02 9.968685e-01 7.790852e-02 -3.088931e+00 -9.998403e-01 1.259567e-02 1.268326e-02 1.096505e+02
1.288249e-02 -8.324268e-02 9.964460e-01 5.700832e+01 1.258634e-02 9.964633e-01 8.308140e-02 -3.098103e+00 -9.998378e-01 1.147131e-02 1.388465e-02 1.095916e+02
1.362500e-02 -8.770688e-02 9.960531e-01 5.769804e+01 1.295442e-02 9.960775e-01 8.753182e-02 -3.120308e+00 -9.998233e-01 1.171066e-02 1.470775e-02 1.095374e+02
1.710071e-02 -9.176844e-02 9.956335e-01 5.838983e+01 1.275471e-02 9.957182e-01 9.155718e-02 -3.130743e+00 -9.997725e-01 1.113332e-02 1.819797e-02 1.094806e+02
1.700414e-02 -9.442441e-02 9.953868e-01 5.908550e+01 1.018717e-02 9.954955e-01 9.426069e-02 -3.140208e+00 -9.998036e-01 8.537350e-03 1.788946e-02 1.094083e+02
1.496306e-02 -9.607329e-02 9.952618e-01 5.979506e+01 6.572708e-03 9.953612e-01 9.598407e-02 -3.156488e+00 -9.998665e-01 5.105349e-03 1.552511e-02 1.093337e+02
1.367514e-02 -9.771638e-02 9.951203e-01 6.051213e+01 3.748925e-03 9.952115e-01 9.767381e-02 -3.170251e+00 -9.998995e-01 2.394927e-03 1.397599e-02 1.092654e+02
1.363914e-02 -9.885949e-02 9.950079e-01 6.123132e+01 3.687988e-03 9.950987e-01 9.881796e-02 -3.175299e+00 -9.999002e-01 2.321785e-03 1.393688e-02 1.091960e+02
1.176047e-02 -9.957478e-02 9.949606e-01 6.195220e+01 7.073310e-03 9.950128e-01 9.949641e-02 -3.181797e+00 -9.999059e-01 5.867540e-03 1.240614e-02 1.091159e+02
6.176442e-03 -9.946635e-02 9.950218e-01 6.268063e+01 1.082970e-02 9.949891e-01 9.939586e-02 -3.182838e+00 -9.999223e-01 1.016188e-02 7.222683e-03 1.090326e+02
-9.716668e-04 -1.001245e-01 9.949744e-01 6.342470e+01 1.455403e-02 9.948682e-01 1.001280e-01 -3.208451e+00 -9.998936e-01 1.457818e-02 4.905340e-04 1.089403e+02
-1.236084e-03 -1.009071e-01 9.948951e-01 6.417734e+01 1.541065e-02 9.947758e-01 1.009141e-01 -3.223803e+00 -9.998805e-01 1.545672e-02 3.254168e-04 1.088688e+02
1.571226e-03 -1.011553e-01 9.948694e-01 6.492209e+01 1.270518e-02 9.947924e-01 1.011274e-01 -3.251621e+00 -9.999181e-01 1.248110e-02 2.848240e-03 1.087995e+02
2.566460e-03 -1.010099e-01 9.948821e-01 6.569343e+01 8.614518e-03 9.948507e-01 1.009845e-01 -3.254170e+00 -9.999596e-01 8.311257e-03 3.423396e-03 1.087221e+02
-1.356453e-04 -1.012094e-01 9.948651e-01 6.643896e+01 6.235615e-03 9.948458e-01 1.012083e-01 -3.274864e+00 -9.999806e-01 6.217324e-03 4.961566e-04 1.086409e+02
-1.771241e-03 -1.021198e-01 9.947705e-01 6.717850e+01 6.032441e-03 9.947529e-01 1.021288e-01 -3.287719e+00 -9.999803e-01 6.181789e-03 -1.145916e-03 1.085642e+02
-5.011422e-04 -1.041152e-01 9.945651e-01 6.791712e+01 7.010760e-03 9.945405e-01 1.041161e-01 -3.304096e+00 -9.999753e-01 7.024834e-03 2.315201e-04 1.084968e+02
-1.351432e-04 -1.061067e-01 9.943547e-01 6.866414e+01 7.711745e-03 9.943251e-01 1.061046e-01 -3.321059e+00 -9.999703e-01 7.682549e-03 6.838911e-04 1.084233e+02
-7.547264e-04 -1.081753e-01 9.941315e-01 6.940436e+01 7.744174e-03 9.941014e-01 1.081779e-01 -3.331926e+00 -9.999698e-01 7.780372e-03 8.745350e-05 1.083373e+02
-9.282185e-04 -1.100655e-01 9.939239e-01 7.014333e+01 7.724193e-03 9.938939e-01 1.100694e-01 -3.347435e+00 -9.999698e-01 7.779428e-03 -7.238372e-05 1.082478e+02
2.745684e-04 -1.120512e-01 9.937024e-01 7.089145e+01 7.608299e-03 9.936739e-01 1.120459e-01 -3.359785e+00 -9.999711e-01 7.529620e-03 1.125351e-03 1.081651e+02
6.795771e-04 -1.134388e-01 9.935448e-01 7.164528e+01 8.238466e-03 9.935119e-01 1.134294e-01 -3.374293e+00 -9.999659e-01 8.108200e-03 1.609729e-03 1.080829e+02
1.769431e-03 -1.144759e-01 9.934244e-01 7.240273e+01 9.465108e-03 9.933835e-01 1.144543e-01 -3.392558e+00 -9.999537e-01 9.200350e-03 2.841250e-03 1.079932e+02
2.520852e-03 -1.153422e-01 9.933226e-01 7.316761e+01 9.916187e-03 9.932799e-01 1.153120e-01 -3.406250e+00 -9.999477e-01 9.559288e-03 3.647665e-03 1.079114e+02
2.804427e-03 -1.166742e-01 9.931663e-01 7.392914e+01 1.014708e-02 9.931224e-01 1.166404e-01 -3.421795e+00 -9.999446e-01 9.750630e-03 3.969042e-03 1.078196e+02
2.686568e-03 -1.176968e-01 9.930459e-01 7.470387e+01 8.735666e-03 9.930144e-01 1.176695e-01 -3.438539e+00 -9.999583e-01 8.358790e-03 3.695961e-03 1.077212e+02
4.866710e-03 -1.188697e-01 9.928979e-01 7.549027e+01 6.938765e-03 9.928898e-01 1.188347e-01 -3.451134e+00 -9.999641e-01 6.311151e-03 5.656915e-03 1.076285e+02
6.791191e-03 -1.206109e-01 9.926766e-01 7.629016e+01 5.294546e-03 9.926900e-01 1.205763e-01 -3.464092e+00 -9.999630e-01 4.436914e-03 7.380127e-03 1.075378e+02
7.334242e-03 -1.226358e-01 9.924246e-01 7.707239e+01 4.766616e-03 9.924444e-01 1.226031e-01 -3.470416e+00 -9.999618e-01 3.831307e-03 7.863385e-03 1.074386e+02
