-7.027555e-03 9.999753e-01 2.599616e-05 -7.137748e-03 2.254837e-03 4.184312e-05 -9.999975e-01 -7.482656e-02 -9.999728e-01 -7.027479e-03 -2.255075e-03 -3.336324e-01
-8.498397e-03 9.999621e-01 -1.862150e-03 -4.713772e-03 2.659565e-03 -1.839608e-03 -9.999948e-01 -9.038865e-02 -9.999604e-01 -8.503306e-03 -2.643830e-03 2.289929e-01
-9.450368e-03 9.999506e-01 -3.062091e-03 -1.490018e-03 4.020928e-03 -3.024203e-03 -9.999874e-01 -1.049867e-01 -9.999473e-01 -9.462561e-03 -3.992149e-03 7.879172e-01
-9.763027e-03 9.999410e-01 -4.756093e-03 -2.024078e-04 5.523202e-03 -4.702323e-03 -9.999737e-01 -1.164989e-01 -9.999371e-01 -9.789040e-03 -5.476967e-03 1.354703e+00
-1.150319e-02 9.999121e-01 -6.593713e-03 -1.117969e-03 7.004680e-03 -6.513408e-03 -9.999543e-01 -1.252862e-01 -9.999093e-01 -1.154885e-02 -6.929139e-03 1.897771e+00
-1.377190e-02 9.998688e-01 -8.527112e-03 -2.325880e-04 8.809763e-03 -8.406256e-03 -9.999259e-01 -1.397818e-01 -9.998664e-01 -1.384601e-02 -8.692836e-03 2.462167e+00
-1.492198e-02 9.998400e-01 -9.863631e-03 -2.051460e-03 9.598783e-03 -9.721033e-03 -9.999067e-01 -1.530170e-01 -9.998426e-01 -1.501526e-02 -9.452190e-03 3.026065e+00
-1.518916e-02 9.998194e-01 -1.141968e-02 -4.691637e-03 9.192546e-03 -1.128088e-02 -9.998942e-01 -1.658120e-01 -9.998424e-01 -1.529253e-02 -9.019539e-03 3.612674e+00
-1.504466e-02 9.998067e-01 -1.265436e-02 -6.319002e-03 9.379897e-03 -1.251412e-02 -9.998777e-01 -1.815772e-01 -9.998429e-01 -1.516152e-02 -9.189813e-03 4.194864e+00
-1.484765e-02 9.997980e-01 -1.354666e-02 -1.493972e-02 1.177791e-02 -1.337233e-02 -9.998413e-01 -1.997890e-01 -9.998204e-01 -1.500484e-02 -1.157698e-02 4.779881e+00
-1.368384e-02 9.997955e-01 -1.489242e-02 -2.605098e-02 1.498685e-02 -1.468707e-02 -9.997799e-01 -2.173914e-01 -9.997941e-01 -1.390402e-02 -1.478280e-02 5.383838e+00
-1.202237e-02 9.997946e-01 -1.631705e-02 -4.309792e-02 1.886450e-02 -1.608855e-02 -9.996926e-01 -2.293251e-01 -9.997498e-01 -1.232649e-02 -1.866720e-02 5.997387e+00
-1.007012e-02 9.997980e-01 -1.739532e-02 -5.548259e-02 1.898444e-02 -1.720192e-02 -9.996718e-01 -2.475873e-01 -9.997691e-01 -1.039706e-02 -1.880738e-02 6.613085e+00
-7.665333e-03 9.997966e-01 -1.865642e-02 -7.412052e-02 1.320039e-02 -1.855418e-02 -9.997408e-01 -2.570321e-01 -9.998835e-01 -7.909618e-03 -1.305548e-02 7.254922e+00
-6.722969e-03 9.997886e-01 -1.942931e-02 -7.831427e-02 3.385643e-03 -1.940688e-02 -9.998060e-01 -2.651554e-01 -9.999717e-01 -6.787445e-03 -3.254455e-03 7.913869e+00
-6.326883e-03 9.997753e-01 -2.023191e-02 -9.046840e-02 -3.763961e-03 -2.025598e-02 -9.997878e-01 -2.832320e-01 -9.999729e-01 -6.249388e-03 3.891273e-03 8.586631e+00
-5.156727e-03 9.997515e-01 -2.168825e-02 -1.013480e-01 -4.143977e-03 -2.170971e-02 -9.997558e-01 -3.013879e-01 -9.999782e-01 -5.065593e-03 4.254898e-03 9.265797e+00
-2.657038e-03 9.997437e-01 -2.248442e-02 -1.191361e-01 2.269981e-03 -2.247842e-02 -9.997448e-01 -3.096559e-01 -9.999939e-01 -2.707400e-03 -2.209672e-03 9.950878e+00
-2.221975e-03 9.997170e-01 -2.368334e-02 -1.359290e-01 8.648052e-03 -2.366330e-02 -9.996826e-01 -3.045947e-01 -9.999602e-01 -2.426084e-03 -8.593025e-03 1.065754e+01
-3.445545e-03 9.996850e-01 -2.486103e-02 -1.543611e-01 8.111999e-03 -2.483242e-02 -9.996588e-01 -3.058270e-01 -9.999612e-01 -3.646042e-03 -8.023882e-03 1.139348e+01
-4.403242e-03 9.996656e-01 -2.547955e-02 -1.695574e-01 -2.872308e-04 -2.548106e-02 -9.996753e-01 -3.163077e-01 -9.999903e-01 -4.394494e-03 3.993344e-04 1.215248e+01
-5.463023e-03 9.996493e-01 -2.590988e-02 -1.869216e-01 -8.091157e-03 -2.595361e-02 -9.996304e-01 -3.192806e-01 -9.999524e-01 -5.251364e-03 8.230105e-03 1.292551e+01
-6.900775e-03 9.996190e-01 -2.672491e-02 -1.998611e-01 -1.112675e-02 -2.680065e-02 -9.995789e-01 -3.218914e-01 -9.999143e-01 -6.600508e-03 1.130746e-02 1.371250e+01
-9.063178e-03 9.995959e-01 -2.694343e-02 -2.135690e-01 -1.087435e-02 -2.704147e-02 -9.995752e-01 -3.225705e-01 -9.998998e-01 -8.766336e-03 1.111504e-02 1.451625e+01
-9.809530e-03 9.995990e-01 -2.656181e-02 -2.276790e-01 -8.790208e-03 -2.664827e-02 -9.996063e-01 -3.252069e-01 -9.999133e-01 -9.572184e-03 9.048091e-03 1.532493e+01
-7.918742e-03 9.996259e-01 -2.618032e-02 -2.511980e-01 -5.480353e-03 -2.622413e-02 -9.996411e-01 -3.162980e-01 -9.999537e-01 -7.772423e-03 5.685966e-03 1.615278e+01
-9.501851e-03 9.996354e-01 -2.527439e-02 -2.647622e-01 -7.691971e-05 -2.527626e-02 -9.996805e-01 -3.194665e-01 -9.999549e-01 -9.496872e-03 3.170633e-04 1.700192e+01
-1.208754e-02 9.996287e-01 -2.442012e-02 -2.726814e-01 5.947965e-03 -2.434959e-02 -9.996859e-01 -3.293279e-01 -9.999093e-01 -1.222899e-02 -5.651429e-03 1.785917e+01
-1.195950e-02 9.996530e-01 -2.346834e-02 -2.909350e-01 1.080977e-02 -2.333939e-02 -9.996692e-01 -3.459507e-01 -9.998701e-01 -1.220923e-02 -1.052689e-02 1.874388e+01
-9.273503e-03 9.996897e-01 -2.311705e-02 -3.140399e-01 1.256781e-02 -2.299970e-02 -9.996565e-01 -3.561660e-01 -9.998781e-01 -9.560848e-03 -1.235063e-02 1.963711e+01
-9.124455e-03 9.996880e-01 -2.325176e-02 -3.358736e-01 1.192226e-02 -2.314231e-02 -9.996611e-01 -3.745351e-01 -9.998873e-01 -9.398576e-03 -1.170737e-02 2.055742e+01
-8.945119e-03 9.996853e-01 -2.343626e-02 -3.616818e-01 1.269662e-02 -2.332176e-02 -9.996474e-01 -3.918023e-01 -9.998794e-01 -9.239527e-03 -1.248401e-02 2.148853e+01
-6.408420e-03 9.997056e-01 -2.340135e-02 -3.857615e-01 1.456719e-02 -2.330602e-02 -9.996223e-01 -4.146637e-01 -9.998734e-01 -6.746891e-03 -1.441355e-02 2.243627e+01
-2.381936e-03 9.997216e-01 -2.347504e-02 -4.129202e-01 1.536614e-02 -2.343575e-02 -9.996073e-01 -4.349446e-01 -9.998791e-01 -2.741722e-03 -1.530604e-02 2.339285e+01
-5.143101e-04 9.997242e-01 -2.348041e-02 -4.384811e-01 1.546563e-02 -2.346965e-02 -9.996050e-01 -4.576744e-01 -9.998803e-01 -8.772465e-04 -1.544930e-02 2.435809e+01
8.239497e-04 9.997214e-01 -2.358687e-02 -4.583002e-01 1.550147e-02 -2.359681e-02 -9.996014e-01 -4.838448e-01 -9.998795e-01 4.579901e-04 -1.551659e-02 2.532805e+01
1.066258e-03 9.997185e-01 -2.370261e-02 -4.796820e-01 1.532603e-02 -2.371618e-02 -9.996013e-01 -5.090282e-01 -9.998820e-01 7.025662e-04 -1.534701e-02 2.631088e+01
1.841700e-03 9.997058e-01 -2.418535e-02 -5.095971e-01 1.425370e-02 -2.420918e-02 -9.996053e-01 -5.352829e-01 -9.998968e-01 1.496242e-03 -1.429409e-02 2.729924e+01
2.603013e-03 9.997032e-01 -2.422440e-02 -5.283038e-01 1.218941e-02 -2.425440e-02 -9.996315e-01 -5.571672e-01 -9.999224e-01 2.306773e-03 -1.224893e-02 2.829685e+01
2.484081e-03 9.996925e-01 -2.467265e-02 -5.499241e-01 1.095027e-02 -2.469844e-02 -9.996350e-01 -5.741760e-01 -9.999370e-01 2.213002e-03 -1.100825e-02 2.930896e+01
1.859962e-03 9.996965e-01 -2.456642e-02 -5.715025e-01 1.156553e-02 -2.458633e-02 -9.996309e-01 -6.035592e-01 -9.999314e-01 1.575151e-03 -1.160775e-02 3.031573e+01
3.565205e-03 9.996810e-01 -2.500259e-02 -5.965688e-01 1.219161e-02 -2.504435e-02 -9.996120e-01 -6.269523e-01 -9.999194e-01 3.259000e-03 -1.227701e-02 3.134547e+01
4.104761e-03 9.996719e-01 -2.528414e-02 -6.129517e-01 1.171073e-02 -2.533067e-02 -9.996106e-01 -6.471014e-01 -9.999230e-01 3.807066e-03 -1.181087e-02 3.238037e+01
3.941045e-03 9.996591e-01 -2.580798e-02 -6.395311e-01 9.122680e-03 -2.584305e-02 -9.996244e-01 -6.705317e-01 -9.999507e-01 3.704126e-03 -9.221418e-03 3.342417e+01
3.977833e-03 9.996448e-01 -2.635383e-02 -6.597776e-01 5.730539e-03 -2.637640e-02 -9.996357e-01 -6.920914e-01 -9.999757e-01 3.825362e-03 -5.833423e-03 3.447439e+01
2.988505e-03 9.996291e-01 -2.706881e-02 -6.834616e-01 3.215891e-03 -2.707839e-02 -9.996282e-01 -7.113055e-01 -9.999904e-01 2.900344e-03 -3.295622e-03 3.553880e+01
2.233805e-03 9.996161e-01 -2.761723e-02 -7.132548e-01 2.449300e-03 -2.762268e-02 -9.996155e-01 -7.276945e-01 -9.999945e-01 2.165303e-03 -2.510063e-03 3.659237e+01
1.195628e-03 9.996035e-01 -2.813225e-02 -7.412249e-01 3.474446e-03 -2.813625e-02 -9.995981e-01 -7.435119e-01 -9.999933e-01 1.097404e-03 -3.506708e-03 3.766190e+01
2.825444e-03 9.995840e-01 -2.870384e-02 -7.646529e-01 3.798143e-03 -2.871448e-02 -9.995805e-01 -7.606938e-01 -9.999888e-01 2.715238e-03 -3.877693e-03 3.874025e+01
3.130132e-03 9.995593e-01 -2.951897e-02 -8.022524e-01 2.863273e-03 -2.952795e-02 -9.995599e-01 -7.735894e-01 -9.999910e-01 3.044233e-03 -2.954437e-03 3.981330e+01
3.328531e-03 9.995381e-01 -3.020656e-02 -8.330536e-01 9.100743e-04 -3.020974e-02 -9.995432e-01 -7.925080e-01 -9.999941e-01 3.299520e-03 -1.010208e-03 4.088551e+01
2.355773e-03 9.995162e-01 -3.101267e-02 -8.615151e-01 -1.467839e-03 -3.100927e-02 -9.995181e-01 -8.049252e-01 -9.999962e-01 2.400159e-03 1.394079e-03 4.196323e+01
2.459200e-03 9.995003e-01 -3.151290e-02 -8.918655e-01 -1.995649e-03 -3.150803e-02 -9.995015e-01 -8.263669e-01 -9.999950e-01 2.520863e-03 1.917168e-03 4.305101e+01
2.512827e-03 9.994810e-01 -3.211665e-02 -9.277964e-01 8.530533e-04 -3.211889e-02 -9.994837e-01 -8.442005e-01 -9.999965e-01 2.484133e-03 -9.333194e-04 4.411304e+01
4.945150e-03 9.994731e-01 -3.207773e-02 -9.615125e-01 4.707874e-03 -3.210104e-02 -9.994736e-01 -8.648867e-01 -9.999767e-01 4.791528e-03 -4.864138e-03 4.518720e+01
8.084514e-03 9.994547e-01 -3.201357e-02 -9.975403e-01 5.400780e-03 -3.205779e-02 -9.994715e-01 -8.783616e-01 -9.999528e-01 7.907342e-03 -5.657007e-03 4.626120e+01
7.858755e-03 9.994629e-01 -3.181526e-02 -1.025591e+00 3.248071e-03 -3.184159e-02 -9.994877e-01 -8.962156e-01 -9.999639e-01 7.751391e-03 -3.496561e-03 4.734578e+01
9.285840e-03 9.994531e-01 -3.173857e-02 -1.054251e+00 1.255415e-03 -3.175157e-02 -9.994950e-01 -9.161205e-01 -9.999561e-01 9.241306e-03 -1.549568e-03 4.842846e+01
6.743294e-03 9.994758e-01 -3.166373e-02 -1.087532e+00 -8.716109e-06 -3.166439e-02 -9.994986e-01 -9.246290e-01 -9.999773e-01 6.740188e-03 -2.048104e-04 4.951210e+01
7.577227e-03 9.994757e-01 -3.147734e-02 -1.125903e+00 2.079048e-04 -3.147982e-02 -9.995044e-01 -9.476068e-01 -9.999713e-01 7.566927e-03 -4.463251e-04 5.059433e+01
5.364111e-03 9.995043e-01 -3.102168e-02 -1.150375e+00 1.485192e-03 -3.103006e-02 -9.995174e-01 -9.608589e-01 -9.999845e-01 5.315449e-03 -1.650904e-03 5.167259e+01
5.747536e-03 9.995095e-01 -3.078547e-02 -1.179363e+00 3.809779e-03 -3.080765e-02 -9.995181e-01 -9.741961e-01 -9.999763e-01 5.627480e-03 -3.984978e-03 5.274476e+01
4.701498e-03 9.995231e-01 -3.051953e-02 -1.207739e+00 6.014586e-03 -3.054759e-02 -9.995153e-01 -9.942681e-01 -9.999709e-01 4.515656e-03 -6.155337e-03 5.381686e+01
3.313637e-03 9.995311e-01 -3.043976e-02 -1.231061e+00 9.121207e-03 -3.046887e-02 -9.994941e-01 -1.020014e+00 -9.999529e-01 3.034313e-03 -9.217892e-03 5.488811e+01
2.870203e-03 9.995404e-01 -3.017826e-02 -1.262420e+00 1.089411e-02 -3.020785e-02 -9.994843e-01 -1.049567e+00 -9.999366e-01 2.539957e-03 -1.097580e-02 5.596785e+01
3.320491e-03 9.995471e-01 -2.990758e-02 -1.292105e+00 9.042437e-03 -2.993653e-02 -9.995109e-01 -1.075399e+00 -9.999536e-01 3.048429e-03 -9.137746e-03 5.704762e+01
2.914222e-03 9.995575e-01 -2.960178e-02 -1.318121e+00 3.857785e-03 -2.961292e-02 -9.995540e-01 -1.094896e+00 -9.999883e-01 2.798724e-03 -3.942376e-03 5.813665e+01
2.379320e-04 9.995721e-01 -2.925001e-02 -1.345171e+00 -2.091334e-03 -2.924945e-02 -9.995700e-01 -1.110093e+00 -9.999978e-01 2.990010e-04 2.083480e-03 5.922538e+01
-3.178231e-03 9.995620e-01 -2.942103e-02 -1.364545e+00 -3.764753e-03 -2.943293e-02 -9.995597e-01 -1.130038e+00 -9.999879e-01 -3.066068e-03 3.856649e-03 6.031224e+01
-6.139417e-03 9.995569e-01 -2.912518e-02 -1.392019e+00 -1.174460e-03 -2.913291e-02 -9.995749e-01 -1.143998e+00 -9.999805e-01 -6.102601e-03 1.352799e-03 6.139215e+01
-8.056661e-03 9.995420e-01 -2.916882e-02 -1.419654e+00 2.228630e-03 -2.915175e-02 -9.995726e-01 -1.158050e+00 -9.999651e-01 -8.118224e-03 -1.992743e-03 6.246139e+01
-6.410020e-03 9.995491e-01 -2.933395e-02 -1.456508e+00 5.546749e-03 -2.929856e-02 -9.995554e-01 -1.182656e+00 -9.999641e-01 -6.569878e-03 -5.356443e-03 6.353884e+01
-5.801262e-03 9.995601e-01 -2.908550e-02 -1.477922e+00 9.227239e-03 -2.903125e-02 -9.995360e-01 -1.204253e+00 -9.999406e-01 -6.066949e-03 -9.054762e-03 6.462603e+01
-2.181593e-03 9.995868e-01 -2.866167e-02 -1.519273e+00 1.039383e-02 -2.863753e-02 -9.995359e-01 -1.231643e+00 -9.999436e-01 -2.478485e-03 -1.032706e-02 6.571266e+01
1.491758e-03 9.996083e-01 -2.794536e-02 -1.544880e+00 7.197872e-03 -2.795540e-02 -9.995833e-01 -1.248579e+00 -9.999730e-01 1.289989e-03 -7.236755e-03 6.680294e+01
2.422301e-03 9.996091e-01 -2.785262e-02 -1.576729e+00 5.077727e-03 -2.786464e-02 -9.995989e-01 -1.270135e+00 -9.999842e-01 2.279901e-03 -5.143239e-03 6.788527e+01
1.678354e-03 9.996099e-01 -2.787793e-02 -1.603774e+00 4.216264e-03 -2.788479e-02 -9.996023e-01 -1.288274e+00 -9.999897e-01 1.560146e-03 -4.261419e-03 6.897080e+01
7.152727e-04 9.996087e-01 -2.796311e-02 -1.626789e+00 3.350691e-03 -2.796536e-02 -9.996033e-01 -1.307593e+00 -9.999942e-01 6.212930e-04 -3.369382e-03 7.007722e+01
-2.736818e-04 9.996015e-01 -2.822655e-02 -1.655907e+00 1.939810e-03 -2.822597e-02 -9.995997e-01 -1.327989e+00 -9.999981e-01 -3.283266e-04 -1.931312e-03 7.116920e+01
-1.761233e-03 9.995923e-01 -2.849927e-02 -1.677892e+00 -1.046573e-04 -2.849950e-02 -9.995938e-01 -1.344606e+00 -9.999985e-01 -1.757536e-03 1.548092e-04 7.224633e+01
-2.915631e-03 9.995699e-01 -2.918019e-02 -1.703801e+00 -1.837816e-03 -2.918563e-02 -9.995724e-01 -1.361069e+00 -9.999941e-01 -2.860756e-03 1.922120e-03 7.332895e+01
-4.322366e-03 9.995388e-01 -3.005923e-02 -1.731361e+00 -1.201479e-03 -3.006468e-02 -9.995473e-01 -1.382461e+00 -9.999900e-01 -4.284293e-03 1.330875e-03 7.442278e+01
-4.168525e-03 9.995198e-01 -3.070559e-02 -1.768804e+00 2.212628e-03 -3.069656e-02 -9.995263e-01 -1.401550e+00 -9.999889e-01 -4.234491e-03 -2.083605e-03 7.549226e+01
-2.864704e-03 9.995061e-01 -3.129449e-02 -1.800220e+00 4.258298e-03 -3.128214e-02 -9.995016e-01 -1.419797e+00 -9.999869e-01 -2.996537e-03 -4.166580e-03 7.657546e+01
-1.207294e-03 9.994956e-01 -3.173527e-02 -1.835490e+00 2.917296e-03 -3.173164e-02 -9.994922e-01 -1.440216e+00 -9.999951e-01 -1.299262e-03 -2.877515e-03 7.765196e+01
-9.376684e-05 9.994773e-01 -3.232705e-02 -1.868166e+00 -7.006705e-04 -3.232711e-02 -9.994771e-01 -1.459680e+00 -9.999998e-01 -7.106738e-05 7.033358e-04 7.872656e+01
1.387019e-03 9.994612e-01 -3.279256e-02 -1.898875e+00 -5.028697e-03 -3.278521e-02 -9.994498e-01 -1.474146e+00 -9.999864e-01 1.551159e-03 4.980514e-03 7.979592e+01
1.141721e-03 9.994367e-01 -3.354039e-02 -1.931851e+00 -6.207796e-03 -3.353268e-02 -9.994184e-01 -1.487973e+00 -9.999801e-01 1.349269e-03 6.166014e-03 8.086539e+01
9.333081e-04 9.994145e-01 -3.420206e-02 -1.968818e+00 -4.511649e-03 -3.419752e-02 -9.994050e-01 -1.497588e+00 -9.999894e-01 1.087060e-03 4.477091e-03 8.191253e+01
1.081009e-03 9.993942e-01 -3.478508e-02 -1.999435e+00 -3.574372e-03 -3.478101e-02 -9.993886e-01 -1.511750e+00 -9.999931e-01 1.204683e-03 3.534609e-03 8.296609e+01
7.447967e-04 9.993781e-01 -3.525283e-02 -2.031689e+00 -3.480157e-03 -3.525004e-02 -9.993725e-01 -1.522534e+00 -9.999937e-01 8.670146e-04 3.451739e-03 8.400631e+01
-1.891320e-04 9.993573e-01 -3.584522e-02 -2.059830e+00 -3.844607e-03 -3.584568e-02 -9.993500e-01 -1.538402e+00 -9.999926e-01 -5.119849e-05 3.848916e-03 8.502921e+01
-8.002039e-04 9.993351e-01 -3.645081e-02 -2.093963e+00 -5.454536e-03 -3.645464e-02 -9.993205e-01 -1.555446e+00 -9.999848e-01 -6.008381e-04 5.480081e-03 8.605141e+01
-1.791920e-03 9.993069e-01 -3.718104e-02 -2.134921e+00 -7.987956e-03 -3.719422e-02 -9.992762e-01 -1.567453e+00 -9.999665e-01 -1.493623e-03 8.049069e-03 8.705228e+01
-2.161917e-03 9.992748e-01 -3.801440e-02 -2.168342e+00 -9.323456e-03 -3.803298e-02 -9.992330e-01 -1.582941e+00 -9.999542e-01 -1.805833e-03 9.398920e-03 8.803385e+01
-3.585429e-03 9.991972e-01 -3.990155e-02 -2.197904e+00 -9.584457e-03 -3.993432e-02 -9.991564e-01 -1.593021e+00 -9.999477e-01 -3.199970e-03 9.719944e-03 8.899647e+01
-4.268487e-03 9.990689e-01 -4.293167e-02 -2.236754e+00 -8.962826e-03 -4.296856e-02 -9.990363e-01 -1.606245e+00 -9.999508e-01 -3.879584e-03 9.137892e-03 8.992323e+01
-4.177532e-03 9.989295e-01 -4.606894e-02 -2.278339e+00 -8.234760e-03 -4.610215e-02 -9.989028e-01 -1.617713e+00 -9.999574e-01 -3.793582e-03 8.418538e-03 9.083220e+01
-4.461047e-03 9.987775e-01 -4.923061e-02 -2.323195e+00 -8.369223e-03 -4.926666e-02 -9.987506e-01 -1.629877e+00 -9.999551e-01 -4.043452e-03 8.578773e-03 9.172454e+01
-3.454009e-03 9.986260e-01 -5.228990e-02 -2.363909e+00 -9.341191e-03 -5.232015e-02 -9.985867e-01 -1.640738e+00 -9.999504e-01 -2.960678e-03 9.509071e-03 9.258687e+01
-2.740208e-03 9.984824e-01 -5.500312e-02 -2.407640e+00 -1.052514e-02 -5.502908e-02 -9.984293e-01 -1.650347e+00 -9.999409e-01 -2.156988e-03 1.065996e-02 9.342799e+01
-2.444947e-03 9.983131e-01 -5.800826e-02 -2.456216e+00 -1.201934e-02 -5.803358e-02 -9.982423e-01 -1.657710e+00 -9.999248e-01 -1.743428e-03 1.214095e-02 9.424107e+01
-8.690102e-04 9.981464e-01 -6.085206e-02 -2.500385e+00 -1.308009e-02 -6.085823e-02 -9.980608e-01 -1.669425e+00 -9.999141e-01 -7.137443e-05 1.310874e-02 9.502808e+01
1.507231e-03 9.979944e-01 -6.328467e-02 -2.545672e+00 -1.350997e-02 -6.325865e-02 -9.979058e-01 -1.679478e+00 -9.999076e-01 2.359048e-03 1.338753e-02 9.578623e+01
2.019021e-03 9.978143e-01 -6.604961e-02 -2.600528e+00 -1.271434e-02 -6.601880e-02 -9.977374e-01 -1.686837e+00 -9.999172e-01 2.854230e-03 1.255326e-02 9.651765e+01
3.321728e-03 9.976445e-01 -6.851584e-02 -2.649431e+00 -9.270544e-03 -6.848255e-02 -9.976093e-01 -1.698044e+00 -9.999515e-01 3.948966e-03 9.021228e-03 9.721486e+01
5.346545e-03 9.974772e-01 -7.078550e-02 -2.706166e+00 -5.752164e-03 -7.075467e-02 -9.974772e-01 -1.705936e+00 -9.999692e-01 5.740226e-03 5.359360e-03 9.788053e+01
7.754306e-03 9.973055e-01 -7.294878e-02 -2.756044e+00 -3.189030e-03 -7.292594e-02 -9.973323e-01 -1.713045e+00 -9.999649e-01 7.966256e-03 2.614948e-03 9.851636e+01
1.014753e-02 9.972048e-01 -7.402466e-02 -2.804431e+00 -2.261101e-03 -7.400541e-02 -9.972553e-01 -1.724509e+00 -9.999460e-01 1.028706e-02 1.503809e-03 9.911985e+01
1.263488e-02 9.972284e-01 -7.332065e-02 -2.850071e+00 -2.493977e-03 -7.329485e-02 -9.973072e-01 -1.738402e+00 -9.999171e-01 1.278372e-02 1.560993e-03 9.970909e+01
1.608894e-02 9.973703e-01 -7.066537e-02 -2.896334e+00 -3.963723e-03 -7.061034e-02 -9.974961e-01 -1.750805e+00 -9.998627e-01 1.632875e-02 2.817255e-03 1.002624e+02
1.866148e-02 9.976720e-01 -6.559266e-02 -2.929599e+00 -5.492015e-03 -6.550081e-02 -9.978374e-01 -1.760353e+00 -9.998108e-01 1.898136e-02 4.256887e-03 1.007971e+02
1.966513e-02 9.980936e-01 -5.850183e-02 -2.960504e+00 -7.305895e-03 -5.836813e-02 -9.982684e-01 -1.764451e+00 -9.997800e-01 2.005849e-02 6.144150e-03 1.013075e+02
1.927468e-02 9.986101e-01 -4.905410e-02 -2.975606e+00 -9.732620e-03 -4.887349e-02 -9.987576e-01 -1.770145e+00 -9.997669e-01 1.972815e-02 8.777072e-03 1.017968e+02
1.810334e-02 9.991328e-01 -3.749407e-02 -2.987752e+00 -1.118159e-02 -3.729556e-02 -9.992418e-01 -1.776578e+00 -9.997736e-01 1.850886e-02 1.049672e-02 1.022608e+02
1.728251e-02 9.995585e-01 -2.416691e-02 -2.992946e+00 -1.155531e-02 -2.396923e-02 -9.996460e-01 -1.782414e+00 -9.997839e-01 1.755565e-02 1.113596e-02 1.027016e+02
1.669237e-02 9.998174e-01 -9.303627e-03 -2.983056e+00 -1.103057e-02 -9.120213e-03 -9.998976e-01 -1.787060e+00 -9.997999e-01 1.679328e-02 1.087631e-02 1.031260e+02
1.574140e-02 9.998425e-01 8.200245e-03 -2.968870e+00 -8.518952e-03 8.335076e-03 -9.999290e-01 -1.795793e+00 -9.998398e-01 1.567042e-02 8.648816e-03 1.035355e+02
1.537933e-02 9.994550e-01 2.920836e-02 -2.943283e+00 -4.608623e-03 2.928237e-02 -9.995606e-01 -1.805303e+00 -9.998711e-01 1.523796e-02 5.056455e-03 1.039267e+02
1.376526e-02 9.984783e-01 5.340046e-02 -2.909963e+00 1.763899e-04 5.340310e-02 -9.985731e-01 -1.806726e+00 -9.999053e-01 1.375504e-02 5.589864e-04 1.043216e+02
1.182325e-02 9.966905e-01 8.042542e-02 -2.866409e+00 2.587286e-03 8.040029e-02 -9.967593e-01 -1.814268e+00 -9.999268e-01 1.199302e-02 -1.628130e-03 1.047034e+02
9.428696e-03 9.938903e-01 1.099686e-01 -2.803949e+00 3.717915e-03 1.099379e-01 -9.939315e-01 -1.819536e+00 -9.999487e-01 9.780332e-03 -2.658628e-03 1.050775e+02
7.069408e-03 9.898182e-01 1.421615e-01 -2.738091e+00 5.177127e-03 1.421269e-01 -9.898349e-01 -1.825636e+00 -9.999616e-01 7.733535e-03 -4.119661e-03 1.054459e+02
4.777181e-03 9.841135e-01 1.774762e-01 -2.657433e+00 6.602082e-03 1.774433e-01 -9.841089e-01 -1.834813e+00 -9.999668e-01 5.872978e-03 -5.649519e-03 1.058024e+02
1.321203e-03 9.765018e-01 2.155052e-01 -2.556964e+00 6.971037e-03 2.154911e-01 -9.764810e-01 -1.844127e+00 -9.999749e-01 2.792423e-03 -6.522522e-03 1.061508e+02
-8.549563e-04 9.669030e-01 2.551428e-01 -2.440320e+00 7.508652e-03 2.551419e-01 -9.668745e-01 -1.859392e+00 -9.999715e-01 1.089143e-03 -7.478273e-03 1.064942e+02
-9.708243e-04 9.550568e-01 2.964213e-01 -2.319782e+00 7.967672e-03 2.964194e-01 -9.550247e-01 -1.875754e+00 -9.999678e-01 1.434626e-03 -7.897350e-03 1.068291e+02
9.401077e-04 9.403836e-01 3.401145e-01 -2.187547e+00 8.187128e-03 3.400960e-01 -9.403551e-01 -1.882583e+00 -9.999661e-01 3.668596e-03 -7.379314e-03 1.071485e+02
1.261778e-03 9.231421e-01 3.844569e-01 -2.039267e+00 6.919570e-03 3.844399e-01 -9.231241e-01 -1.891250e+00 -9.999753e-01 3.825054e-03 -5.902669e-03 1.074661e+02
1.259810e-03 9.035615e-01 4.284566e-01 -1.874550e+00 5.948363e-03 4.284426e-01 -9.035495e-01 -1.891429e+00 -9.999816e-01 3.686916e-03 -4.834955e-03 1.077667e+02
-2.975172e-04 8.811853e-01 4.727710e-01 -1.679765e+00 6.331771e-03 4.727632e-01 -8.811668e-01 -1.898963e+00 -9.999799e-01 2.731315e-03 -5.720118e-03 1.080570e+02
-1.033825e-03 8.566584e-01 5.158831e-01 -1.487401e+00 8.143308e-03 5.158735e-01 -8.566261e-01 -1.911084e+00 -9.999663e-01 3.315393e-03 -7.509356e-03 1.083366e+02
-1.720784e-03 8.298221e-01 5.580254e-01 -1.289063e+00 1.084896e-02 5.580089e-01 -8.297641e-01 -1.919806e+00 -9.999397e-01 4.626152e-03 -9.962921e-03 1.086070e+02
-2.749420e-04 8.003145e-01 5.995804e-01 -1.075369e+00 1.457280e-02 5.995200e-01 -8.002272e-01 -1.930557e+00 -9.998938e-01 8.517550e-03 -1.182766e-02 1.088568e+02
3.776480e-03 7.675271e-01 6.410054e-01 -8.420352e-01 1.823320e-02 6.408505e-01 -7.674492e-01 -1.950886e+00 -9.998267e-01 1.458584e-02 -1.157432e-02 1.090973e+02
7.247693e-03 7.313093e-01 6.820075e-01 -6.039659e-01 2.153931e-02 6.817530e-01 -7.312653e-01 -1.946267e+00 -9.997418e-01 1.998995e-02 -1.081076e-02 1.093336e+02
6.318442e-03 6.929618e-01 7.209466e-01 -3.373349e-01 2.238219e-02 7.206824e-01 -6.929041e-01 -1.944382e+00 -9.997296e-01 2.051444e-02 -1.095641e-02 1.095669e+02
3.846608e-03 6.529623e-01 7.573806e-01 -3.943104e-02 2.134417e-02 7.571601e-01 -6.528806e-01 -1.964812e+00 -9.997648e-01 1.867704e-02 -1.102444e-02 1.097807e+02
2.715491e-03 6.102468e-01 7.922067e-01 2.614794e-01 1.856746e-02 7.920423e-01 -6.101838e-01 -1.974391e+00 -9.998240e-01 1.636622e-02 -9.179949e-03 1.099764e+02
2.844903e-03 5.649021e-01 8.251530e-01 5.737199e-01 1.603139e-02 8.250246e-01 -5.648694e-01 -1.992290e+00 -9.998675e-01 1.483535e-02 -6.709049e-03 1.101670e+02
2.367614e-03 5.177796e-01 8.555107e-01 9.004897e-01 1.407044e-02 8.554112e-01 -5.177584e-01 -1.988153e+00 -9.998982e-01 1.326326e-02 -5.260103e-03 1.103396e+02
7.386437e-04 4.683460e-01 8.835449e-01 1.251334e+00 9.578620e-03 8.835013e-01 -4.683309e-01 -2.018368e+00 -9.999539e-01 8.809069e-03 -3.833515e-03 1.104860e+02
2.891364e-03 4.177217e-01 9.085704e-01 1.610879e+00 8.047179e-03 9.085351e-01 -4.177310e-01 -2.027674e+00 -9.999635e-01 8.519241e-03 -7.345756e-04 1.106338e+02
5.992321e-03 3.674234e-01 9.300345e-01 1.980110e+00 1.059786e-02 9.299756e-01 -3.674685e-01 -2.041196e+00 -9.999259e-01 1.205836e-02 1.678811e-03 1.107746e+02
8.006947e-03 3.175946e-01 9.481928e-01 2.367723e+00 1.605110e-02 9.480603e-01 -3.176857e-01 -2.038465e+00 -9.998391e-01 1.776323e-02 2.493327e-03 1.108852e+02
7.448635e-03 2.702977e-01 9.627480e-01 2.778002e+00 1.931462e-02 9.625562e-01 -2.703933e-01 -2.036680e+00 -9.997857e-01 2.060917e-02 1.949033e-03 1.109990e+02
1.542205e-03 2.276602e-01 9.737394e-01 3.198989e+00 2.069484e-02 9.735248e-01 -2.276428e-01 -2.037736e+00 -9.997847e-01 2.050245e-02 -3.210016e-03 1.111024e+02
-5.886305e-03 1.908252e-01 9.816064e-01 3.621545e+00 2.168267e-02 9.814170e-01 -1.906584e-01 -2.049359e+00 -9.997476e-01 2.016158e-02 -9.914522e-03 1.111939e+02
-9.704391e-03 1.591806e-01 9.872018e-01 4.066695e+00 2.277978e-02 9.870273e-01 -1.589286e-01 -2.075677e+00 -9.996934e-01 2.094594e-02 -1.320460e-02 1.112771e+02
-6.906882e-03 1.309155e-01 9.913695e-01 4.537916e+00 2.034765e-02 9.912063e-01 -1.307522e-01 -2.100677e+00 -9.997691e-01 1.926895e-02 -9.509968e-03 1.113489e+02
-7.623804e-04 1.050209e-01 9.944697e-01 5.020497e+00 1.646295e-02 9.943366e-01 -1.049942e-01 -2.111491e+00 -9.998642e-01 1.629186e-02 -2.487017e-03 1.114077e+02
4.357167e-03 8.134872e-02 9.966762e-01 5.533016e+00 1.237264e-02 9.966050e-01 -8.139700e-02 -2.110838e+00 -9.999140e-01 1.268617e-02 3.335876e-03 1.114519e+02
8.546245e-04 5.837910e-02 9.982941e-01 6.053103e+00 1.027237e-02 9.982413e-01 -5.838481e-02 -2.111470e+00 -9.999469e-01 1.030474e-02 2.534299e-04 1.114755e+02
-6.901227e-03 3.784769e-02 9.992597e-01 6.591032e+00 1.090393e-02 9.992270e-01 -3.777115e-02 -2.125999e+00 -9.999168e-01 1.063519e-02 -7.308581e-03 1.114803e+02
-1.340358e-02 1.954037e-02 9.997192e-01 7.147572e+00 1.276009e-02 9.997310e-01 -1.936952e-02 -2.146960e+00 -9.998288e-01 1.249689e-02 -1.364931e-02 1.114775e+02
-1.522622e-02 5.360693e-03 9.998697e-01 7.722661e+00 1.752738e-02 9.998335e-01 -5.093588e-03 -2.160464e+00 -9.997305e-01 1.744754e-02 -1.531765e-02 1.114886e+02
-1.224326e-02 -6.196974e-03 9.999058e-01 8.318091e+00 2.211053e-02 9.997347e-01 6.466643e-03 -2.168142e+00 -9.996806e-01 2.218762e-02 -1.210299e-02 1.114951e+02
-1.262438e-02 -1.333232e-02 9.998314e-01 8.952393e+00 2.241510e-02 9.996561e-01 1.361300e-02 -2.160884e+00 -9.996691e-01 2.258317e-02 -1.232120e-02 1.114933e+02
-1.770614e-02 -1.661532e-02 9.997052e-01 9.605116e+00 1.933428e-02 9.996693e-01 1.695717e-02 -2.178193e+00 -9.996563e-01 1.962882e-02 -1.737904e-02 1.114774e+02
-2.030406e-02 -1.631680e-02 9.996607e-01 1.027094e+01 1.743108e-02 9.997091e-01 1.667163e-02 -2.196630e+00 -9.996419e-01 1.776367e-02 -2.001373e-02 1.114679e+02
-1.977708e-02 -1.445162e-02 9.997000e-01 1.095027e+01 1.688266e-02 9.997482e-01 1.478631e-02 -2.225411e+00 -9.996619e-01 1.717003e-02 -1.952812e-02 1.114629e+02
-1.635993e-02 -1.261504e-02 9.997866e-01 1.163402e+01 1.722189e-02 9.997686e-01 1.289662e-02 -2.237169e+00 -9.997179e-01 1.742920e-02 -1.613889e-02 1.114486e+02
-1.562529e-02 -1.170048e-02 9.998095e-01 1.233894e+01 1.831592e-02 9.997604e-01 1.198615e-02 -2.248315e+00 -9.997102e-01 1.849971e-02 -1.540724e-02 1.114372e+02
-1.465717e-02 -1.088598e-02 9.998333e-01 1.306083e+01 1.898839e-02 9.997574e-01 1.116352e-02 -2.263826e+00 -9.997123e-01 1.914885e-02 -1.444691e-02 1.114379e+02
-1.430107e-02 -1.026945e-02 9.998450e-01 1.379426e+01 1.855861e-02 9.997723e-01 1.053416e-02 -2.280670e+00 -9.997255e-01 1.870638e-02 -1.410722e-02 1.114342e+02
-1.146547e-02 -9.507839e-03 9.998891e-01 1.454780e+01 1.749882e-02 9.997998e-01 9.707645e-03 -2.298547e+00 -9.997812e-01 1.760818e-02 -1.129680e-02 1.114209e+02
-1.221391e-02 -8.916015e-03 9.998856e-01 1.532324e+01 1.631130e-02 9.998255e-01 9.114726e-03 -2.315773e+00 -9.997924e-01 1.642076e-02 -1.206634e-02 1.114121e+02
-1.347380e-02 -9.173635e-03 9.998671e-01 1.610719e+01 1.399774e-02 9.998582e-01 9.362181e-03 -2.335784e+00 -9.998113e-01 1.412203e-02 -1.334348e-02 1.113961e+02
-1.231889e-02 -1.007304e-02 9.998734e-01 1.689903e+01 1.233625e-02 9.998717e-01 1.022501e-02 -2.350936e+00 -9.998481e-01 1.246065e-02 -1.219305e-02 1.113881e+02
-9.908447e-03 -1.112947e-02 9.998890e-01 1.768559e+01 1.159694e-02 9.998696e-01 1.124417e-02 -2.361190e+00 -9.998837e-01 1.170706e-02 -9.778087e-03 1.113825e+02
-1.097999e-02 -1.244315e-02 9.998623e-01 1.848625e+01 8.955563e-03 9.998813e-01 1.254174e-02 -2.371867e+00 -9.998996e-01 9.092037e-03 -1.086725e-02 1.113646e+02
-1.316128e-02 -1.354016e-02 9.998217e-01 1.929931e+01 6.938712e-03 9.998830e-01 1.363232e-02 -2.391649e+00 -9.998893e-01 7.116893e-03 -1.306579e-02 1.113487e+02
-1.255618e-02 -1.514413e-02 9.998065e-01 2.011613e+01 6.271979e-03 9.998645e-01 1.522378e-02 -2.407355e+00 -9.999015e-01 6.461918e-03 -1.245950e-02 1.113413e+02
-1.021388e-02 -1.617680e-02 9.998170e-01 2.093749e+01 9.922160e-03 9.998183e-01 1.627818e-02 -2.425089e+00 -9.998986e-01 1.008661e-02 -1.005152e-02 1.113356e+02
-1.013310e-02 -1.690111e-02 9.998058e-01 2.176178e+01 1.456020e-02 9.997487e-01 1.704772e-02 -2.433912e+00 -9.998427e-01 1.473011e-02 -9.884468e-03 1.113203e+02
-1.044639e-02 -1.816757e-02 9.997804e-01 2.260174e+01 1.606602e-02 9.997029e-01 1.833403e-02 -2.456134e+00 -9.998164e-01 1.625401e-02 -1.015141e-02 1.113072e+02
-7.020018e-03 -1.948331e-02 9.997855e-01 2.344953e+01 1.424919e-02 9.997068e-01 1.958182e-02 -2.470516e+00 -9.998739e-01 1.438360e-02 -6.740338e-03 1.112990e+02
-3.468065e-03 -2.058867e-02 9.997820e-01 2.431121e+01 1.075613e-02 9.997295e-01 2.062489e-02 -2.492164e+00 -9.999362e-01 1.082531e-02 -3.245672e-03 1.112865e+02
-1.814662e-03 -2.075362e-02 9.997830e-01 2.516447e+01 5.918697e-03 9.997669e-01 2.076403e-02 -2.509045e+00 -9.999809e-01 5.955092e-03 -1.691405e-03 1.112692e+02
1.396345e-03 -2.114718e-02 9.997754e-01 2.601129e+01 2.395044e-04 9.997764e-01 2.114687e-02 -2.520970e+00 -9.999990e-01 2.099219e-04 1.401098e-03 1.112599e+02
3.178005e-03 -2.093282e-02 9.997758e-01 2.686967e+01 -1.093347e-03 9.997803e-01 2.093638e-02 -2.529482e+00 -9.999944e-01 -1.159639e-03 3.154419e-03 1.112423e+02
8.474984e-04 -1.998588e-02 9.997999e-01 2.770430e+01 4.646925e-03 9.997896e-01 1.998173e-02 -2.548340e+00 -9.999889e-01 4.629060e-03 9.401927e-04 1.112221e+02
-1.630960e-03 -1.909362e-02 9.998164e-01 2.853467e+01 1.527988e-02 9.997005e-01 1.911633e-02 -2.559674e+00 -9.998820e-01 1.530825e-02 -1.338724e-03 1.112041e+02
-2.979892e-03 -1.865247e-02 9.998216e-01 2.936160e+01 2.014104e-02 9.996221e-01 1.870878e-02 -2.579601e+00 -9.997927e-01 2.019319e-02 -2.603086e-03 1.111876e+02
-4.108468e-03 -1.767318e-02 9.998354e-01 3.020246e+01 1.707664e-02 9.996968e-01 1.774090e-02 -2.589959e+00 -9.998458e-01 1.714672e-02 -3.805424e-03 1.111737e+02
-6.858027e-03 -1.678420e-02 9.998356e-01 3.104170e+01 8.914840e-03 9.998184e-01 1.684506e-02 -2.611723e+00 -9.999368e-01 9.028898e-03 -6.707153e-03 1.111510e+02
-9.098071e-03 -1.597763e-02 9.998309e-01 3.187636e+01 5.277615e-03 9.998577e-01 1.602608e-02 -2.632568e+00 -9.999447e-01 5.422529e-03 -9.012452e-03 1.111238e+02
-8.857013e-03 -1.638185e-02 9.998266e-01 3.269376e+01 5.420041e-03 9.998504e-01 1.643026e-02 -2.653675e+00 -9.999461e-01 5.564623e-03 -8.766898e-03 1.111103e+02
-5.922467e-03 -1.743765e-02 9.998304e-01 3.351496e+01 6.178891e-03 9.998283e-01 1.747421e-02 -2.675619e+00 -9.999634e-01 6.281333e-03 -5.813704e-03 1.111002e+02
-3.250623e-03 -1.926591e-02 9.998091e-01 3.432237e+01 6.390867e-03 9.997936e-01 1.928639e-02 -2.686859e+00 -9.999743e-01 6.452339e-03 -3.126827e-03 1.110856e+02
-3.057044e-03 -2.142599e-02 9.997658e-01 3.512602e+01 6.123578e-03 9.997513e-01 2.144441e-02 -2.701770e+00 -9.999766e-01 6.187700e-03 -2.925080e-03 1.110671e+02
-2.237030e-03 -2.323242e-02 9.997276e-01 3.593674e+01 6.409983e-03 9.997093e-01 2.324633e-02 -2.722659e+00 -9.999770e-01 6.460239e-03 -2.087460e-03 1.110487e+02
-1.013634e-03 -2.516323e-02 9.996828e-01 3.674246e+01 6.821815e-03 9.996600e-01 2.516957e-02 -2.734445e+00 -9.999763e-01 6.845163e-03 -8.416312e-04 1.110310e+02
2.193235e-04 -2.677712e-02 9.996414e-01 3.753510e+01 5.910617e-03 9.996240e-01 2.677536e-02 -2.747777e+00 -9.999825e-01 5.902625e-03 3.775102e-04 1.110054e+02
4.066932e-04 -2.889450e-02 9.995824e-01 3.832796e+01 4.831038e-03 9.995709e-01 2.889220e-02 -2.766777e+00 -9.999883e-01 4.817270e-03 5.461089e-04 1.109810e+02
4.276576e-04 -3.078428e-02 9.995260e-01 3.911572e+01 4.957463e-03 9.995139e-01 3.078178e-02 -2.782311e+00 -9.999877e-01 4.941948e-03 5.800614e-04 1.109573e+02
6.654619e-04 -3.277035e-02 9.994627e-01 3.990249e+01 5.726022e-03 9.994467e-01 3.276602e-02 -2.799318e+00 -9.999834e-01 5.701140e-03 8.527373e-04 1.109291e+02
1.754194e-04 -3.369579e-02 9.994321e-01 4.068399e+01 5.748359e-03 9.994157e-01 3.369423e-02 -2.808353e+00 -9.999835e-01 5.739184e-03 3.690121e-04 1.108989e+02
-7.979189e-04 -3.465432e-02 9.993990e-01 4.145570e+01 4.550354e-03 9.993889e-01 3.465760e-02 -2.823175e+00 -9.999894e-01 4.575273e-03 -6.397420e-04 1.108654e+02
-1.141259e-03 -3.603833e-02 9.993498e-01 4.221312e+01 3.656465e-03 9.993436e-01 3.604228e-02 -2.838908e+00 -9.999927e-01 3.695220e-03 -1.008737e-03 1.108336e+02
-9.875546e-05 -3.727032e-02 9.993052e-01 4.296436e+01 3.254288e-03 9.993000e-01 3.727045e-02 -2.857830e+00 -9.999947e-01 3.255707e-03 2.260181e-05 1.108048e+02
1.312570e-03 -3.832205e-02 9.992646e-01 4.371508e+01 2.265580e-03 9.992630e-01 3.831901e-02 -2.874302e+00 -9.999966e-01 2.213617e-03 1.398425e-03 1.107779e+02
1.479983e-03 -3.940037e-02 9.992224e-01 4.445290e+01 1.096135e-03 9.992230e-01 3.939877e-02 -2.886364e+00 -9.999983e-01 1.036972e-03 1.522021e-03 1.107472e+02
2.054811e-03 -4.000933e-02 9.991972e-01 4.517147e+01 1.025156e-03 9.991989e-01 4.000729e-02 -2.897251e+00 -9.999974e-01 9.421253e-04 2.094180e-03 1.107261e+02
1.292849e-03 -4.016239e-02 9.991923e-01 4.587101e+01 3.144761e-03 9.991884e-01 4.015816e-02 -2.910251e+00 -9.999943e-01 3.090302e-03 1.418100e-03 1.106935e+02
1.335425e-03 -4.044212e-02 9.991810e-01 4.655746e+01 5.534406e-03 9.991669e-01 4.043415e-02 -2.927462e+00 -9.999838e-01 5.475876e-03 1.558135e-03 1.106694e+02
3.004337e-03 -4.035821e-02 9.991808e-01 4.725319e+01 7.518453e-03 9.991580e-01 4.033468e-02 -2.942744e+00 -9.999673e-01 7.391114e-03 3.305239e-03 1.106426e+02
2.718755e-03 -4.037235e-02 9.991810e-01 4.795524e+01 8.139407e-03 9.991525e-01 4.034905e-02 -2.958798e+00 -9.999632e-01 8.023041e-03 3.045057e-03 1.106128e+02
1.575196e-03 -4.040041e-02 9.991823e-01 4.865462e+01 7.939657e-03 9.991526e-01 4.038669e-02 -2.971240e+00 -9.999673e-01 7.869548e-03 1.894626e-03 1.105824e+02
1.307163e-03 -4.073789e-02 9.991690e-01 4.934594e+01 7.446483e-03 9.991426e-01 4.072707e-02 -2.992143e+00 -9.999715e-01 7.387058e-03 1.609396e-03 1.105551e+02
4.063853e-03 -4.113259e-02 9.991454e-01 5.003215e+01 7.632555e-03 9.991259e-01 4.110074e-02 -3.006151e+00 -9.999626e-01 7.459005e-03 4.374247e-03 1.105231e+02
7.267852e-03 -4.087206e-02 9.991379e-01 5.071368e+01 7.929731e-03 9.991353e-01 4.081427e-02 -3.022082e+00 -9.999422e-01 7.626262e-03 7.585672e-03 1.104991e+02
6.259642e-03 -4.105659e-02 9.991372e-01 5.138385e+01 6.580534e-03 9.991369e-01 4.101535e-02 -3.026078e+00 -9.999588e-01 6.318114e-03 6.524414e-03 1.104735e+02
5.674432e-03 -4.226848e-02 9.990902e-01 5.205845e+01 5.848682e-03 9.990906e-01 4.223528e-02 -3.048445e+00 -9.999668e-01 5.603699e-03 5.916486e-03 1.104461e+02
9.841125e-03 -4.567222e-02 9.989080e-01 5.273569e+01 5.262030e-03 9.989450e-01 4.562207e-02 -3.067025e+00 -9.999378e-01 4.807311e-03 1.007107e-02 1.104241e+02
1.175681e-02 -5.082693e-02 9.986383e-01 5.341296e+01 5.609298e-03 9.986950e-01 5.076378e-02 -3.072665e+00 -9.999152e-01 5.004839e-03 1.202657e-02 1.103926e+02
6.890962e-03 -5.682597e-02 9.983603e-01 5.406472e+01 8.729937e-03 9.983494e-01 5.676510e-02 -3.086342e+00 -9.999382e-01 8.324456e-03 7.375675e-03 1.103475e+02
5.301517e-03 -6.350881e-02 9.979672e-01 5.472948e+01 1.147262e-02 9.979194e-01 6.344482e-02 -3.096941e+00 -9.999202e-01 1.111295e-02 6.019100e-03 1.102981e+02
7.173284e-03 -7.053515e-02 9.974835e-01 5.540104e+01 1.251511e-02 9.974374e-01 7.044189e-02 -3.118553e+00 -9.998960e-01 1.197832e-02 8.037657e-03 1.102496e+02
1.165131e-02 -7.687239e-02 9.969729e-01 5.607013e+01 1.226205e-02 9.969766e-01 7.672937e-02 -3.130338e+00 -9.998570e-01 1.133094e-02 1.255869e-02 1.102063e+02
1.191090e-02 -8.209249e-02 9.965535e-01 5.675149e+01 1.121620e-02 9.965725e-01 8.196000e-02 -3.143346e+00 -9.998662e-01 1.020132e-02 1.279084e-02 1.101472e+02
1.358026e-02 -8.665567e-02 9.961458e-01 5.743890e+01 1.178459e-02 9.961823e-01 8.649820e-02 -3.163040e+00 -9.998384e-01 1.056450e-02 1.454961e-02 1.100965e+02
1.578353e-02 -9.067064e-02 9.957558e-01 5.812871e+01 1.162195e-02 9.958293e-01 9.049311e-02 -3.172196e+00 -9.998079e-01 1.014433e-02 1.677147e-02 1.100407e+02
1.558905e-02 -9.324875e-02 9.955208e-01 5.883289e+01 8.966819e-03 9.956148e-01 9.311715e-02 -3.178755e+00 -9.998383e-01 7.475046e-03 1.635684e-02 1.099677e+02
1.375651e-02 -9.489673e-02 9.953921e-01 5.954469e+01 5.546525e-03 9.954782e-01 9.482829e-02 -3.192951e+00 -9.998900e-01 4.216461e-03 1.422065e-02 1.098946e+02
1.403233e-02 -9.682761e-02 9.952022e-01 6.026679e+01 2.834604e-03 9.953001e-01 9.679717e-02 -3.206797e+00 -9.998976e-01 1.462714e-03 1.424084e-02 1.098302e+02
1.293037e-02 -9.784039e-02 9.951181e-01 6.099331e+01 2.979610e-03 9.952007e-01 9.780979e-02 -3.207428e+00 -9.999120e-01 1.700346e-03 1.315984e-02 1.097561e+02
1.097700e-02 -9.831843e-02 9.950945e-01 6.170931e+01 6.022508e-03 9.951429e-01 9.825679e-02 -3.215035e+00 -9.999217e-01 4.914399e-03 1.151581e-02 1.096813e+02
4.821251e-03 -9.836369e-02 9.951388e-01 6.244092e+01 9.830694e-03 9.951070e-01 9.831291e-02 -3.213354e+00 -9.999401e-01 9.308914e-03 5.764644e-03 1.095978e+02
-1.887913e-03 -9.907779e-02 9.950779e-01 6.318157e+01 1.337791e-02 9.949882e-01 9.909424e-02 -3.243633e+00 -9.999088e-01 1.349914e-02 -5.529974e-04 1.095078e+02
-2.121942e-03 -9.988599e-02 9.949966e-01 6.392847e+01 1.429708e-02 9.948942e-01 9.990620e-02 -3.259050e+00 -9.998956e-01 1.443754e-02 -6.830306e-04 1.094348e+02
8.314050e-04 -1.002298e-01 9.949640e-01 6.468058e+01 1.214829e-02 9.948919e-01 1.002124e-01 -3.282521e+00 -9.999259e-01 1.200379e-02 2.044779e-03 1.093661e+02
4.201733e-04 -1.001571e-01 9.949715e-01 6.544245e+01 7.844102e-03 9.949414e-01 1.001507e-01 -3.285802e+00 -9.999692e-01 7.762577e-03 1.203690e-03 1.092899e+02
-1.703400e-03 -1.003024e-01 9.949555e-01 6.618581e+01 5.434629e-03 9.949414e-01 1.003102e-01 -3.304489e+00 -9.999838e-01 5.578082e-03 -1.149677e-03 1.092097e+02
-3.062829e-03 -1.014170e-01 9.948393e-01 6.692082e+01 5.154025e-03 9.948292e-01 1.014318e-01 -3.318563e+00 -9.999821e-01 5.438094e-03 -2.524286e-03 1.091362e+02
-2.292804e-03 -1.032366e-01 9.946542e-01 6.765855e+01 5.987454e-03 9.946376e-01 1.032487e-01 -3.330169e+00 -9.999795e-01 6.192175e-03 -1.662385e-03 1.090677e+02
-2.128070e-03 -1.052492e-01 9.944436e-01 6.839911e+01 6.616388e-03 9.944226e-01 1.052611e-01 -3.349929e+00 -9.999759e-01 6.803628e-03 -1.419832e-03 1.089936e+02
-2.516315e-03 -1.072121e-01 9.942330e-01 6.914924e+01 6.795990e-03 9.942114e-01 1.072270e-01 -3.356911e+00 -9.999738e-01 7.026614e-03 -1.773137e-03 1.089138e+02
-2.840049e-03 -1.090506e-01 9.940321e-01 6.989319e+01 6.943526e-03 9.940101e-01 1.090681e-01 -3.370557e+00 -9.999719e-01 7.211846e-03 -2.065841e-03 1.088253e+02
-1.280805e-03 -1.110077e-01 9.938187e-01 7.064225e+01 6.843728e-03 9.937953e-01 1.110139e-01 -3.381362e+00 -9.999758e-01 6.943612e-03 -5.131521e-04 1.087377e+02
-8.730439e-04 -1.122208e-01 9.936829e-01 7.138977e+01 7.306497e-03 9.936561e-01 1.122242e-01 -3.398138e+00 -9.999730e-01 7.358318e-03 -4.756467e-05 1.086589e+02
-3.424842e-04 -1.131889e-01 9.935734e-01 7.214372e+01 8.389023e-03 9.935382e-01 1.131878e-01 -3.418838e+00 -9.999648e-01 8.373875e-03 6.092729e-04 1.085761e+02
3.546657e-04 -1.144068e-01 9.934339e-01 7.291924e+01 8.882504e-03 9.933952e-01 1.143991e-01 -3.430625e+00 -9.999605e-01 8.783607e-03 1.368541e-03 1.084885e+02
9.392461e-04 -1.157689e-01 9.932757e-01 7.368195e+01 8.952266e-03 9.932374e-01 1.157560e-01 -3.441947e+00 -9.999595e-01 8.783345e-03 1.969288e-03 1.083970e+02
5.496658e-04 -1.168086e-01 9.931543e-01 7.445319e+01 7.500909e-03 9.931270e-01 1.168013e-01 -3.459850e+00 -9.999718e-01 7.385358e-03 1.422059e-03 1.082987e+02
2.988078e-03 -1.178579e-01 9.930260e-01 7.524274e+01 5.438958e-03 9.930177e-01 1.178405e-01 -3.475694e+00 -9.999808e-01 5.048910e-03 3.608239e-03 1.082060e+02
